-22.57 -16.94 1.56 -31.96 -17.39 -3.5 0.73 0x0000FF
-21.66 -16.57 1.26 -22.57 -16.94 1.56 0.73 0x0000FF
-17.1 -16.57 0.65 -21.66 -16.57 1.26 0.91 0x0000FF
-14.91 -17.48 0.65 -17.1 -16.57 0.65 0.82 0x0000FF
-12.72 -19.86 0.57 -14.91 -17.48 0.65 0.365 0x0000FF
-11.26 -20.95 0.35 -12.72 -19.86 0.57 0.365 0x0000FF
-8.34 -23.14 0.42 -11.26 -20.95 0.35 0.365 0x0000FF
-3.41 -28.42 0.95 -8.34 -23.14 0.42 0.365 0x0000FF
-0.49 -31.34 1.56 -3.41 -28.42 0.95 0.365 0x0000FF
1.51 -33.34 1.94 -0.49 -31.34 1.56 0.365 0x0000FF
3.52 -34.79 2.7 1.51 -33.34 1.94 0.365 0x0000FF
6.26 -37.17 3.61 3.52 -34.79 2.7 0.275 0x0000FF
8.08 -38.08 3.91 6.26 -37.17 3.61 0.275 0x0000FF
11.37 -40.26 4.44 8.08 -38.08 3.91 0.275 0x0000FF
13.92 -42.27 5.12 11.37 -40.26 4.44 0.275 0x0000FF
16.84 -44.82 5.88 13.92 -42.27 5.12 0.275 0x0000FF
19.94 -48.28 6.64 16.84 -44.82 5.88 0.275 0x0000FF
22.86 -50.47 6.94 19.94 -48.28 6.64 0.275 0x0000FF
25.78 -53.2 7.85 22.86 -50.47 6.94 0.275 0x0000FF
27.24 -55.2 8.38 25.78 -53.2 7.85 0.275 0x0000FF
33.26 -60.12 8.91 27.24 -55.2 8.38 0.275 0x0000FF
36.9 -62.67 9.74 33.26 -60.12 8.91 0.275 0x0000FF
43.84 -67.05 9.74 36.9 -62.67 9.74 0.275 0x0000FF
47.31 -69.42 10.65 43.84 -67.05 9.74 0.275 0x0000FF
54.24 -75.25 11.18 47.31 -69.42 10.65 0.275 0x0000FF
64.81 -88.91 11.1 54.24 -75.25 11.18 0.275 0x0000FF
66.83 -92.37 10.5 64.81 -88.91 11.1 0.275 0x0000FF
69.93 -96.75 9.74 66.83 -92.37 10.5 0.275 0x0000FF
92.75 -107.97 8.52 69.93 -96.75 9.74 0.275 0x0000FF
100.23 -114.16 8.38 92.75 -107.97 8.52 0.275 0x0000FF
108.07 -121.63 8.0 100.23 -114.16 8.38 0.275 0x0000FF
114.27 -124.18 8.0 108.07 -121.63 8.0 0.275 0x0000FF
121.39 -126.73 7.47 114.27 -124.18 8.0 0.275 0x0000FF
125.22 -126.55 7.17 121.39 -126.73 7.47 0.275 0x0000FF
-11.44 -17.41 1.11 -14.91 -17.48 0.65 0.275 0x0000FF
-9.43 -18.14 1.79 -11.44 -17.41 1.11 0.275 0x0000FF
-8.33 -18.87 2.7 -9.43 -18.14 1.79 0.275 0x0000FF
-7.42 -19.6 3.3 -8.33 -18.87 2.7 0.275 0x0000FF
-6.33 -21.6 3.98 -7.42 -19.6 3.3 0.275 0x0000FF
-3.59 -21.97 4.82 -6.33 -21.6 3.98 0.275 0x0000FF
-3.04 -21.97 5.12 -3.59 -21.97 4.82 0.275 0x0000FF
-14.17 -15.05 1.18 -17.1 -16.57 0.65 0.73 0x0000FF
-12.71 -15.23 1.71 -14.17 -15.05 1.18 0.73 0x0000FF
-9.61 -14.86 2.54 -12.71 -15.23 1.71 0.73 0x0000FF
-8.33 -14.86 3.15 -9.61 -14.86 2.54 0.64 0x0000FF
-7.06 -14.86 4.29 -8.33 -14.86 3.15 0.64 0x0000FF
-5.05 -14.5 5.04 -7.06 -14.86 4.29 0.64 0x0000FF
-2.86 -13.59 6.03 -5.05 -14.5 5.04 0.64 0x0000FF
-1.58 -12.68 6.71 -2.86 -13.59 6.03 0.64 0x0000FF
0.42 -11.95 7.39 -1.58 -12.68 6.71 0.64 0x0000FF
1.7 -11.58 8.38 0.42 -11.95 7.39 0.64 0x0000FF
2.43 -11.22 9.51 1.7 -11.58 8.38 0.64 0x0000FF
4.99 -9.21 10.57 2.43 -11.22 9.51 0.455 0x0000FF
6.45 -8.67 10.8 4.99 -9.21 10.57 0.455 0x0000FF
8.44 -8.11 11.26 6.45 -8.67 10.8 0.455 0x0000FF
9.55 -7.58 11.86 8.44 -8.11 11.26 0.455 0x0000FF
9.91 -7.58 9.97 9.55 -7.58 11.86 0.455 0x0000FF
10.28 -7.58 7.92 9.91 -7.58 9.97 0.455 0x0000FF
11.74 -7.76 6.56 10.28 -7.58 7.92 0.455 0x0000FF
13.01 -7.58 5.42 11.74 -7.76 6.56 0.365 0x0000FF
13.93 -7.94 4.29 13.01 -7.58 5.42 0.365 0x0000FF
16.66 -8.11 2.17 13.93 -7.94 4.29 0.365 0x0000FF
19.03 -8.3 0.27 16.66 -8.11 2.17 0.365 0x0000FF
22.14 -7.94 -1.17 19.03 -8.3 0.27 0.365 0x0000FF
23.05 -7.39 -2.52 22.14 -7.94 -1.17 0.365 0x0000FF
23.6 -7.03 -5.11 23.05 -7.39 -2.52 0.365 0x0000FF
25.24 -5.94 -5.86 23.6 -7.03 -5.11 0.365 0x0000FF
26.51 -5.21 -6.77 25.24 -5.94 -5.86 0.365 0x0000FF
27.79 -4.66 -9.57 26.51 -5.21 -6.77 0.365 0x0000FF
28.89 -4.48 -10.33 27.79 -4.66 -9.57 0.365 0x0000FF
28.89 -4.48 -12.98 28.89 -4.48 -10.33 0.365 0x0000FF
30.16 -4.11 -14.27 28.89 -4.48 -12.98 0.365 0x0000FF
31.44 -2.47 -15.86 30.16 -4.11 -14.27 0.365 0x0000FF
32.69 -2.15 -18.51 31.44 -2.47 -15.86 0.365 0x0000FF
33.04 -1.78 -19.88 32.69 -2.15 -18.51 0.365 0x0000FF
5.68 -7.43 9.97 2.43 -11.22 9.51 0.365 0x0000FF
6.96 -5.97 13.15 5.68 -7.43 9.97 0.365 0x0000FF
10.24 -4.15 14.44 6.96 -5.97 13.15 0.365 0x0000FF
16.63 -1.24 16.41 10.24 -4.15 14.44 0.365 0x0000FF
22.29 1.68 17.47 16.63 -1.24 16.41 0.365 0x0000FF
24.84 2.95 19.13 22.29 1.68 17.47 0.365 0x0000FF
27.76 5.87 20.27 24.84 2.95 19.13 0.365 0x0000FF
31.96 7.87 22.24 27.76 5.87 20.27 0.365 0x0000FF
39.79 10.24 23.15 31.96 7.87 22.24 0.365 0x0000FF
47.1 14.07 24.06 39.79 10.24 23.15 0.365 0x0000FF
53.12 17.71 25.57 47.1 14.07 24.06 0.365 0x0000FF
56.4 19.35 26.79 53.12 17.71 25.57 0.365 0x0000FF
59.14 20.44 28.6 56.4 19.35 26.79 0.365 0x0000FF
60.05 20.81 29.44 59.14 20.44 28.6 0.365 0x0000FF
61.7 21.17 30.88 60.05 20.81 29.44 0.365 0x0000FF
-23.51 -20.55 -1.85 -31.96 -17.39 -3.5 0.82 0x0000FF
-20.59 -20.19 -0.86 -23.51 -20.55 -1.85 0.82 0x0000FF
-19.3 -20.19 0.12 -20.59 -20.19 -0.86 0.82 0x0000FF
-18.95 -20.19 1.71 -19.3 -20.19 0.12 0.82 0x0000FF
-16.39 -20.0 2.77 -18.95 -20.19 1.71 0.82 0x0000FF
-13.66 -20.55 2.39 -16.39 -20.0 2.77 0.82 0x0000FF
-11.83 -22.19 1.86 -13.66 -20.55 2.39 0.455 0x0000FF
-10.74 -24.74 1.64 -11.83 -22.19 1.86 0.455 0x0000FF
-10.92 -25.47 2.62 -10.74 -24.74 1.64 0.455 0x0000FF
-11.29 -27.47 3.38 -10.92 -25.47 2.62 0.455 0x0000FF
-12.01 -30.39 4.82 -11.29 -27.47 3.38 0.275 0x0000FF
-12.56 -31.66 5.88 -12.01 -30.39 4.82 0.275 0x0000FF
-12.93 -33.29 6.79 -12.56 -31.66 5.88 0.275 0x0000FF
-13.11 -34.4 8.61 -12.93 -33.29 6.79 0.275 0x0000FF
-13.11 -36.22 9.51 -13.11 -34.4 8.61 0.275 0x0000FF
-13.66 -39.14 11.71 -13.11 -36.22 9.51 0.275 0x0000FF
-13.84 -40.4 13.45 -13.66 -39.14 11.71 0.275 0x0000FF
-14.39 -42.41 15.8 -13.84 -40.4 13.45 0.275 0x0000FF
-15.12 -45.15 17.39 -14.39 -42.41 15.8 0.275 0x0000FF
-16.03 -50.07 19.66 -15.12 -45.15 17.39 0.275 0x0000FF
-16.76 -55.17 21.03 -16.03 -50.07 19.66 0.275 0x0000FF
-16.76 -56.63 22.69 -16.76 -55.17 21.03 0.275 0x0000FF
-16.57 -57.17 24.97 -16.76 -56.63 22.69 0.275 0x0000FF
-16.94 -59.91 26.86 -16.57 -57.17 24.97 0.275 0x0000FF
-17.48 -61.18 28.15 -16.94 -59.91 26.86 0.275 0x0000FF
-18.77 -62.09 31.48 -17.48 -61.18 28.15 0.275 0x0000FF
-20.77 -63.19 32.39 -18.77 -62.09 31.48 0.275 0x0000FF
-22.6 -65.01 33.75 -20.77 -63.19 32.39 0.275 0x0000FF
-23.69 -66.65 36.1 -22.6 -65.01 33.75 0.275 0x0000FF
-10.74 -21.83 3.98 -13.66 -20.55 2.39 0.365 0x0000FF
-9.64 -23.28 4.13 -10.74 -21.83 3.98 0.365 0x0000FF
-6.72 -26.75 4.51 -9.64 -23.28 4.13 0.365 0x0000FF
-5.26 -28.75 4.59 -6.72 -26.75 4.51 0.365 0x0000FF
-4.17 -30.39 4.59 -5.26 -28.75 4.59 0.365 0x0000FF
-3.62 -31.12 4.74 -4.17 -30.39 4.59 0.365 0x0000FF
-1.62 -32.94 5.2 -3.62 -31.12 4.74 0.365 0x0000FF
0.94 -35.13 5.5 -1.62 -32.94 5.2 0.365 0x0000FF
4.04 -38.4 5.73 0.94 -35.13 5.5 0.365 0x0000FF
7.14 -41.14 5.8 4.04 -38.4 5.73 0.365 0x0000FF
11.16 -43.87 5.95 7.14 -41.14 5.8 0.365 0x0000FF
17.18 -47.52 6.18 11.16 -43.87 5.95 0.365 0x0000FF
19.91 -49.34 6.48 17.18 -47.52 6.18 0.365 0x0000FF
24.11 -51.89 6.64 19.91 -49.34 6.48 0.365 0x0000FF
27.58 -56.44 7.47 24.11 -51.89 6.64 0.365 0x0000FF
32.69 -62.46 8.44 27.58 -56.44 7.47 0.365 0x0000FF
36.88 -65.55 8.52 32.69 -62.46 8.44 0.365 0x0000FF
46.73 -71.75 9.67 36.88 -65.55 8.52 0.365 0x0000FF
50.93 -76.84 10.57 46.73 -71.75 9.67 0.365 0x0000FF
56.59 -82.13 10.65 50.93 -76.84 10.57 0.365 0x0000FF
65.34 -92.16 11.79 56.59 -82.13 10.65 0.365 0x0000FF
68.45 -95.43 12.32 65.34 -92.16 11.79 0.365 0x0000FF
-2.57 -35.09 5.5 -3.62 -31.12 4.74 0.455 0x0000FF
-2.57 -39.28 6.18 -2.57 -35.09 5.5 0.455 0x0000FF
-3.67 -45.66 7.32 -2.57 -39.28 6.18 0.455 0x0000FF
-5.12 -50.58 8.44 -3.67 -45.66 7.32 0.365 0x0000FF
-7.31 -55.86 8.76 -5.12 -50.58 8.44 0.365 0x0000FF
-10.23 -60.96 9.89 -7.31 -55.86 8.76 0.365 0x0000FF
-13.7 -67.34 11.33 -10.23 -60.96 9.89 0.365 0x0000FF
-15.71 -70.44 13.0 -13.7 -67.34 11.33 0.365 0x0000FF
-17.89 -73.34 13.68 -15.71 -70.44 13.0 0.365 0x0000FF
-24.46 -81.73 15.2 -17.89 -73.34 13.68 0.275 0x0000FF
-31.4 -86.84 15.8 -24.46 -81.73 15.2 0.275 0x0000FF
-39.61 -93.76 16.63 -31.4 -86.84 15.8 0.275 0x0000FF
-44.53 -99.23 17.54 -39.61 -93.76 16.63 0.275 0x0000FF
-50.19 -106.51 19.05 -44.53 -99.23 17.54 0.275 0x0000FF
-55.12 -114.89 19.97 -50.19 -106.51 19.05 0.275 0x0000FF
-60.23 -128.01 20.88 -55.12 -114.89 19.97 0.275 0x0000FF
-60.62 -153.94 22.62 -60.23 -128.01 20.88 0.275 0x0000FF
-61.53 -158.13 22.92 -60.62 -153.94 22.62 0.275 0x0000FF
-62.26 -160.68 24.44 -61.53 -158.13 22.92 0.275 0x0000FF
-63.18 -163.41 25.88 -62.26 -160.68 24.44 0.275 0x0000FF
-18.66 -80.7 15.5 -17.89 -73.34 13.68 0.275 0x0000FF
-20.3 -87.44 15.73 -18.66 -80.7 15.5 0.275 0x0000FF
-20.12 -94.55 18.0 -20.3 -87.44 15.73 0.275 0x0000FF
-19.93 -99.47 18.91 -20.12 -94.55 18.0 0.275 0x0000FF
-17.2 -106.39 20.27 -19.93 -99.47 18.91 0.275 0x0000FF
-15.19 -109.85 21.86 -17.2 -106.39 20.27 0.275 0x0000FF
-13.0 -113.68 23.83 -15.19 -109.85 21.86 0.275 0x0000FF
-10.26 -119.69 27.01 -13.0 -113.68 23.83 0.275 0x0000FF
-6.8 -127.89 28.53 -10.26 -119.69 27.01 0.275 0x0000FF
-3.51 -138.09 29.82 -6.8 -127.89 28.53 0.275 0x0000FF
-8.8 -152.3 31.41 -3.51 -138.09 29.82 0.275 0x0000FF
-18.66 -159.41 32.54 -8.8 -152.3 31.41 0.275 0x0000FF
-29.79 -166.7 33.53 -18.66 -159.41 32.54 0.275 0x0000FF
-32.97 -27.82 -3.74 -31.96 -17.39 -3.5 1.005 0x0000FF
-32.97 -30.92 -2.23 -32.97 -27.82 -3.74 1.005 0x0000FF
-33.35 -34.01 -0.94 -32.97 -30.92 -2.23 1.005 0x0000FF
-34.99 -36.38 0.12 -33.35 -34.01 -0.94 0.64 0x0000FF
-36.45 -39.11 1.03 -34.99 -36.38 0.12 0.64 0x0000FF
-39.54 -42.58 2.0 -36.45 -39.11 1.03 0.64 0x0000FF
-41.38 -44.22 3.0 -39.54 -42.58 2.0 0.64 0x0000FF
-42.65 -45.13 1.18 -41.38 -44.22 3.0 0.64 0x0000FF
-43.57 -46.04 1.03 -42.65 -45.13 1.18 0.64 0x0000FF
-44.3 -46.77 2.85 -43.57 -46.04 1.03 0.64 0x0000FF
-45.21 -47.86 4.67 -44.3 -46.77 2.85 0.64 0x0000FF
-45.94 -48.59 7.39 -45.21 -47.86 4.67 0.64 0x0000FF
-46.3 -49.32 8.52 -45.94 -48.59 7.39 0.64 0x0000FF
-49.95 -52.6 10.27 -46.3 -49.32 8.52 0.545 0x0000FF
-51.59 -54.42 11.03 -49.95 -52.6 10.27 0.545 0x0000FF
-56.34 -59.7 11.48 -51.59 -54.42 11.03 0.365 0x0000FF
-60.17 -62.25 12.09 -56.34 -59.7 11.48 0.365 0x0000FF
-63.64 -65.34 13.53 -60.17 -62.25 12.09 0.365 0x0000FF
-66.73 -67.54 14.89 -63.64 -65.34 13.53 0.365 0x0000FF
-69.11 -69.0 15.8 -66.73 -67.54 14.89 0.365 0x0000FF
-76.95 -72.45 17.09 -69.11 -69.0 15.8 0.365 0x0000FF
-83.89 -75.19 18.23 -76.95 -72.45 17.09 0.365 0x0000FF
-93.19 -78.47 19.13 -83.89 -75.19 18.23 0.365 0x0000FF
-111.8 -91.41 20.42 -93.19 -78.47 19.13 0.365 0x0000FF
-117.64 -94.69 20.5 -111.8 -91.41 20.42 0.365 0x0000FF
-121.11 -98.15 20.8 -117.64 -94.69 20.5 0.365 0x0000FF
-123.3 -101.79 21.03 -121.11 -98.15 20.8 0.365 0x0000FF
-123.12 -105.44 21.33 -123.3 -101.79 21.03 0.365 0x0000FF
-119.83 -108.9 21.63 -123.12 -105.44 21.33 0.365 0x0000FF
-58.16 -54.42 12.32 -51.59 -54.42 11.03 0.365 0x0000FF
-63.82 -56.24 12.32 -58.16 -54.42 12.32 0.365 0x0000FF
-68.73 -57.34 10.8 -63.82 -56.24 12.32 0.365 0x0000FF
-73.84 -59.16 9.06 -68.73 -57.34 10.8 0.365 0x0000FF
-79.14 -63.35 8.07 -73.84 -59.16 9.06 0.365 0x0000FF
-88.63 -69.0 6.79 -79.14 -63.35 8.07 0.365 0x0000FF
-95.38 -71.73 5.12 -88.63 -69.0 6.79 0.365 0x0000FF
-98.67 -74.09 3.38 -95.38 -71.73 5.12 0.365 0x0000FF
-102.32 -77.01 2.24 -98.67 -74.09 3.38 0.365 0x0000FF
-109.07 -88.67 1.48 -102.32 -77.01 2.24 0.365 0x0000FF
-111.26 -99.24 0.65 -109.07 -88.67 1.48 0.365 0x0000FF
-110.34 -108.72 -0.03 -111.26 -99.24 0.65 0.365 0x0000FF
-31.89 -37.47 -0.41 -33.35 -34.01 -0.94 0.455 0x0000FF
-28.97 -39.47 0.27 -31.89 -37.47 -0.41 0.365 0x0000FF
-28.24 -40.94 0.73 -28.97 -39.47 0.27 0.365 0x0000FF
-26.42 -42.76 1.26 -28.24 -40.94 0.73 0.365 0x0000FF
-25.69 -48.59 1.79 -26.42 -42.76 1.26 0.365 0x0000FF
-24.96 -55.7 2.09 -25.69 -48.59 1.79 0.365 0x0000FF
-22.04 -62.8 2.47 -24.96 -55.7 2.09 0.365 0x0000FF
-18.39 -71.55 3.23 -22.04 -62.8 2.47 0.365 0x0000FF
-16.55 -77.56 2.09 -18.39 -71.55 3.23 0.365 0x0000FF
-14.92 -83.21 1.18 -16.55 -77.56 2.09 0.365 0x0000FF
-12.55 -90.31 0.27 -14.92 -83.21 1.18 0.365 0x0000FF
-11.45 -93.41 -1.17 -12.55 -90.31 0.27 0.365 0x0000FF
-9.99 -96.69 -2.08 -11.45 -93.41 -1.17 0.365 0x0000FF
-9.08 -100.52 -2.91 -9.99 -96.69 -2.08 0.365 0x0000FF
-22.95 -44.58 1.33 -26.42 -42.76 1.26 0.365 0x0000FF
-20.03 -45.49 2.24 -22.95 -44.58 1.33 0.365 0x0000FF
-18.02 -46.22 3.61 -20.03 -45.49 2.24 0.365 0x0000FF
-16.93 -46.77 3.76 -18.02 -46.22 3.61 0.365 0x0000FF
-13.1 -49.86 2.47 -16.93 -46.77 3.76 0.365 0x0000FF
-12.55 -50.41 2.7 -13.1 -49.86 2.47 0.365 0x0000FF
-10.72 -53.14 4.29 -12.55 -50.41 2.7 0.365 0x0000FF
-8.17 -56.42 5.65 -10.72 -53.14 4.29 0.365 0x0000FF
-5.62 -59.34 6.56 -8.17 -56.42 5.65 0.365 0x0000FF
-1.6 -65.17 8.3 -5.62 -59.34 6.56 0.365 0x0000FF
0.95 -69.0 9.74 -1.6 -65.17 8.3 0.365 0x0000FF
4.24 -73.92 10.65 0.95 -69.0 9.74 0.365 0x0000FF
6.79 -77.19 12.24 4.24 -73.92 10.65 0.365 0x0000FF
9.16 -79.38 13.76 6.79 -77.19 12.24 0.365 0x0000FF
13.72 -83.39 14.06 9.16 -79.38 13.76 0.365 0x0000FF
17.19 -87.94 15.27 13.72 -83.39 14.06 0.365 0x0000FF
20.11 -92.32 16.86 17.19 -87.94 15.27 0.365 0x0000FF
25.58 -98.15 18.0 20.11 -92.32 16.86 0.365 0x0000FF
28.69 -101.25 19.73 25.58 -98.15 18.0 0.365 0x0000FF
32.15 -105.98 21.94 28.69 -101.25 19.73 0.365 0x0000FF
34.89 -110.36 23.91 32.15 -105.98 21.94 0.365 0x0000FF
35.97 -112.0 25.12 34.89 -110.36 23.91 0.365 0x0000FF
36.9 -112.91 26.86 35.97 -112.0 25.12 0.365 0x0000FF
38.36 -114.36 28.3 36.9 -112.91 26.86 0.365 0x0000FF
56.5 -132.05 30.19 38.36 -114.36 28.3 0.365 0x0000FF
-42.16 -18.86 -7.3 -31.96 -17.39 -3.5 1.37 0x0000FF
-45.81 -19.95 -7.3 -42.16 -18.86 -7.3 1.37 0x0000FF
-47.46 -21.77 -7.3 -45.81 -19.95 -7.3 1.37 0x0000FF
-48.92 -23.05 -7.3 -47.46 -21.77 -7.3 1.37 0x0000FF
-53.48 -22.68 -7.3 -48.92 -23.05 -7.3 0.82 0x0000FF
-60.59 -21.95 -7.3 -53.48 -22.68 -7.3 0.365 0x0000FF
-66.43 -19.77 -6.47 -60.59 -21.95 -7.3 0.365 0x0000FF
-72.27 -16.85 -5.86 -66.43 -19.77 -6.47 0.365 0x0000FF
-79.2 -13.03 -5.79 -72.27 -16.85 -5.86 0.365 0x0000FF
-82.3 -10.47 -7.08 -79.2 -13.03 -5.79 0.365 0x0000FF
-84.49 -6.65 -8.51 -82.3 -10.47 -7.08 0.365 0x0000FF
-86.68 -3.19 -9.42 -84.49 -6.65 -8.51 0.365 0x0000FF
-89.6 0.28 -11.62 -86.68 -3.19 -9.42 0.365 0x0000FF
-91.06 2.83 -13.51 -89.6 0.28 -11.62 0.365 0x0000FF
-91.97 5.56 -12.83 -91.06 2.83 -13.51 0.365 0x0000FF
-93.62 8.28 -11.24 -91.97 5.56 -12.83 0.365 0x0000FF
-101.64 11.75 -9.11 -93.62 8.28 -11.24 0.365 0x0000FF
-110.22 16.3 -7.68 -101.64 11.75 -9.11 0.365 0x0000FF
-118.79 22.69 -6.7 -110.22 16.3 -7.68 0.365 0x0000FF
-125.0 28.15 -6.17 -118.79 22.69 -6.7 0.365 0x0000FF
-130.47 32.34 -5.11 -125.0 28.15 -6.17 0.365 0x0000FF
-137.59 37.08 -4.65 -130.47 32.34 -5.11 0.365 0x0000FF
-149.08 46.74 -4.2 -137.59 37.08 -4.65 0.365 0x0000FF
-154.01 52.2 -3.67 -149.08 46.74 -4.2 0.365 0x0000FF
-157.84 56.03 -3.29 -154.01 52.2 -3.67 0.365 0x0000FF
-160.94 58.03 -3.21 -157.84 56.03 -3.29 0.365 0x0000FF
-56.94 -23.77 -6.77 -53.48 -22.68 -7.3 0.365 0x0000FF
-58.22 -25.05 -6.09 -56.94 -23.77 -6.77 0.365 0x0000FF
-59.32 -26.87 -5.03 -58.22 -25.05 -6.09 0.365 0x0000FF
-59.5 -27.6 -3.82 -59.32 -26.87 -5.03 0.365 0x0000FF
-59.68 -28.88 -2.52 -59.5 -27.6 -3.82 0.365 0x0000FF
-59.86 -29.61 -1.09 -59.68 -28.88 -2.52 0.365 0x0000FF
-60.05 -30.88 0.12 -59.86 -29.61 -1.09 0.365 0x0000FF
-61.14 -31.61 2.85 -60.05 -30.88 0.12 0.365 0x0000FF
-61.32 -32.34 4.29 -61.14 -31.61 2.85 0.365 0x0000FF
-61.32 -33.25 5.5 -61.32 -32.34 4.29 0.365 0x0000FF
-61.32 -34.52 7.17 -61.32 -33.25 5.5 0.365 0x0000FF
-50.19 -25.41 -6.09 -48.92 -23.05 -7.3 0.73 0x0000FF
-51.1 -28.51 -5.56 -50.19 -25.41 -6.09 0.73 0x0000FF
-49.65 -33.79 -5.48 -51.1 -28.51 -5.56 0.73 0x0000FF
-48.55 -36.71 -5.86 -49.65 -33.79 -5.48 0.73 0x0000FF
-46.18 -41.81 -6.77 -48.55 -36.71 -5.86 0.64 0x0000FF
-43.08 -46.73 -7.83 -46.18 -41.81 -6.77 0.64 0x0000FF
-41.98 -50.74 -7.45 -43.08 -46.73 -7.83 0.64 0x0000FF
-39.97 -53.84 -5.94 -41.98 -50.74 -7.45 0.64 0x0000FF
-39.61 -54.57 -3.89 -39.97 -53.84 -5.94 0.64 0x0000FF
-35.04 -59.49 -2.08 -39.61 -54.57 -3.89 0.545 0x0000FF
-33.95 -61.49 -1.02 -35.04 -59.49 -2.08 0.545 0x0000FF
-30.31 -66.23 1.18 -33.95 -61.49 -1.02 0.545 0x0000FF
-28.66 -69.31 3.83 -30.31 -66.23 1.18 0.545 0x0000FF
-26.47 -73.7 4.29 -28.66 -69.31 3.83 0.545 0x0000FF
-25.74 -74.43 6.86 -26.47 -73.7 4.29 0.545 0x0000FF
-23.37 -76.25 8.44 -25.74 -74.43 6.86 0.545 0x0000FF
-21.18 -77.34 10.42 -23.37 -76.25 8.44 0.455 0x0000FF
-19.54 -78.98 11.1 -21.18 -77.34 10.42 0.455 0x0000FF
-18.98 -79.34 13.91 -19.54 -78.98 11.1 0.455 0x0000FF
-13.88 -80.98 15.04 -18.98 -79.34 13.91 0.455 0x0000FF
-9.51 -82.99 15.8 -13.88 -80.98 15.04 0.455 0x0000FF
-6.59 -85.72 17.54 -9.51 -82.99 15.8 0.365 0x0000FF
-1.3 -91.37 18.91 -6.59 -85.72 17.54 0.365 0x0000FF
-0.93 -91.92 20.57 -1.3 -91.37 18.91 0.365 0x0000FF
0.53 -93.38 22.47 -0.93 -91.92 20.57 0.365 0x0000FF
1.26 -94.47 23.6 0.53 -93.38 22.47 0.365 0x0000FF
1.81 -95.74 24.97 1.26 -94.47 23.6 0.365 0x0000FF
2.54 -97.75 29.59 1.81 -95.74 24.97 0.365 0x0000FF
4.73 -100.85 29.82 2.54 -97.75 29.59 0.365 0x0000FF
-37.95 -6.19 -1.85 -31.96 -17.39 -3.5 2.28 0x0000FF
-38.32 -4.55 -1.32 -37.95 -6.19 -1.85 2.28 0x0000FF
-38.32 -1.28 -0.33 -38.32 -4.55 -1.32 2.28 0x0000FF
-38.32 3.1 -0.26 -38.32 -1.28 -0.33 2.28 0x0000FF
-38.5 6.38 0.2 -38.32 3.1 -0.26 2.28 0x0000FF
-37.95 8.93 0.5 -38.5 6.38 0.2 2.28 0x0000FF
-37.95 10.39 0.65 -37.95 8.93 0.5 2.28 0x0000FF
-41.23 12.75 0.8 -37.95 10.39 0.65 0.545 0x0000FF
-46.16 14.58 1.03 -41.23 12.75 0.8 0.545 0x0000FF
-51.63 16.03 1.33 -46.16 14.58 1.03 0.545 0x0000FF
-58.75 21.32 1.48 -51.63 16.03 1.33 0.365 0x0000FF
-64.95 24.23 1.64 -58.75 21.32 1.48 0.365 0x0000FF
-110.93 38.81 2.17 -64.95 24.23 1.64 0.365 0x0000FF
-125.53 38.44 2.24 -110.93 38.81 2.17 0.365 0x0000FF
-35.58 19.5 1.33 -37.95 10.39 0.65 1.46 0x0000FF
-31.75 20.04 2.09 -35.58 19.5 1.33 0.455 0x0000FF
-27.55 19.86 2.77 -31.75 20.04 2.09 0.455 0x0000FF
-23.72 19.86 3.23 -27.55 19.86 2.77 0.455 0x0000FF
-21.89 19.3 5.04 -23.72 19.86 3.23 0.455 0x0000FF
-18.61 19.68 5.27 -21.89 19.3 5.04 0.275 0x0000FF
-16.42 19.86 6.48 -18.61 19.68 5.27 0.275 0x0000FF
-12.04 19.13 7.39 -16.42 19.86 6.48 0.275 0x0000FF
-8.76 17.86 8.52 -12.04 19.13 7.39 0.275 0x0000FF
-6.2 16.39 8.98 -8.76 17.86 8.52 0.275 0x0000FF
-4.01 15.3 9.67 -6.2 16.39 8.98 0.275 0x0000FF
-2.0 14.39 10.57 -4.01 15.3 9.67 0.275 0x0000FF
0.0 13.85 11.33 -2.0 14.39 10.57 0.275 0x0000FF
1.28 13.3 12.09 0.0 13.85 11.33 0.275 0x0000FF
4.93 12.94 13.23 1.28 13.3 12.09 0.275 0x0000FF
7.48 12.39 14.44 4.93 12.94 13.23 0.275 0x0000FF
10.22 12.03 15.65 7.48 12.39 14.44 0.275 0x0000FF
12.41 11.3 16.55 10.22 12.03 15.65 0.275 0x0000FF
14.23 10.93 17.39 12.41 11.3 16.55 0.275 0x0000FF
17.52 9.66 19.44 14.23 10.93 17.39 0.275 0x0000FF
21.35 8.19 20.65 17.52 9.66 19.44 0.275 0x0000FF
26.64 8.38 22.47 21.35 8.19 20.65 0.275 0x0000FF
45.61 13.66 23.45 26.64 8.38 22.47 0.275 0x0000FF
51.45 16.22 23.91 45.61 13.66 23.45 0.275 0x0000FF
56.2 18.95 24.66 51.45 16.22 23.91 0.275 0x0000FF
28.83 6.74 22.47 26.64 8.38 22.47 0.275 0x0000FF
30.65 6.19 22.47 28.83 6.74 22.47 0.275 0x0000FF
32.65 5.65 21.86 30.65 6.19 22.47 0.275 0x0000FF
35.58 5.09 20.27 32.65 5.65 21.86 0.275 0x0000FF
-36.13 23.69 3.23 -35.58 19.5 1.33 1.55 0x0000FF
-37.59 30.25 3.98 -36.13 23.69 3.23 1.55 0x0000FF
-38.68 35.89 5.12 -37.59 30.25 3.98 1.55 0x0000FF
-41.05 43.73 6.56 -38.68 35.89 5.12 1.55 0x0000FF
-42.33 47.92 7.62 -41.05 43.73 6.56 1.55 0x0000FF
-45.61 55.57 8.76 -42.33 47.92 7.62 1.55 0x0000FF
-52.36 66.14 9.82 -45.61 55.57 8.76 1.55 0x0000FF
-53.46 68.87 10.19 -52.36 66.14 9.82 1.55 0x0000FF
-66.55 107.71 11.33 -53.46 68.87 10.19 1.55 0x0000FF
-75.67 125.75 11.71 -66.55 107.71 11.33 1.55 0x0000FF
-79.86 144.69 12.47 -75.67 125.75 11.71 1.55 0x0000FF
-82.42 155.81 13.68 -79.86 144.69 12.47 1.55 0x0000FF
-84.79 162.19 14.82 -82.42 155.81 13.68 1.55 0x0000FF
-87.38 181.65 16.03 -84.79 162.19 14.82 1.46 0x0000FF
-89.02 187.85 17.16 -87.38 181.65 16.03 1.46 0x0000FF
-89.57 189.49 17.92 -89.02 187.85 17.16 1.46 0x0000FF
-90.66 192.59 19.89 -89.57 189.49 17.92 1.46 0x0000FF
-92.12 196.59 21.18 -90.66 192.59 19.89 1.46 0x0000FF
-94.68 202.79 22.54 -92.12 196.59 21.18 1.46 0x0000FF
-99.97 213.72 23.68 -94.68 202.79 22.54 1.37 0x0000FF
-104.35 222.28 24.13 -99.97 213.72 23.68 1.37 0x0000FF
-106.9 232.12 25.42 -104.35 222.28 24.13 1.37 0x0000FF
-108.18 236.13 27.16 -106.9 232.12 25.42 1.37 0x0000FF
-109.09 237.77 29.28 -108.18 236.13 27.16 1.37 0x0000FF
-114.02 241.78 30.27 -109.09 237.77 29.28 0.82 0x0000FF
-119.67 248.7 30.95 -114.02 241.78 30.27 0.82 0x0000FF
-121.5 253.26 31.63 -119.67 248.7 30.95 0.82 0x0000FF
-122.78 256.36 32.31 -121.5 253.26 31.63 0.82 0x0000FF
-124.39 261.62 32.85 -122.78 256.36 32.31 0.73 0x0000FF
-125.12 263.99 33.68 -124.39 261.62 32.85 0.73 0x0000FF
-125.66 267.64 35.19 -125.12 263.99 33.68 0.73 0x0000FF
-126.03 269.45 34.51 -125.66 267.64 35.19 0.73 0x0000FF
-126.58 272.56 32.85 -126.03 269.45 34.51 0.73 0x0000FF
-126.94 274.74 31.48 -126.58 272.56 32.85 0.73 0x0000FF
-127.12 276.93 29.13 -126.94 274.74 31.48 0.73 0x0000FF
-127.12 277.48 27.69 -127.12 276.93 29.13 0.73 0x0000FF
-126.76 281.3 25.88 -127.12 277.48 27.69 0.73 0x0000FF
-126.21 284.76 24.59 -126.76 281.3 25.88 0.64 0x0000FF
-125.85 288.77 23.38 -126.21 284.76 24.59 0.64 0x0000FF
-125.48 295.33 22.32 -125.85 288.77 23.38 0.64 0x0000FF
-125.66 303.52 21.33 -125.48 295.33 22.32 0.64 0x0000FF
-131.87 309.91 20.57 -125.66 303.52 21.33 0.365 0x0000FF
-137.88 312.27 20.5 -131.87 309.91 20.57 0.365 0x0000FF
-142.81 315.56 20.19 -137.88 312.27 20.5 0.365 0x0000FF
-145.72 320.47 19.82 -142.81 315.56 20.19 0.365 0x0000FF
-151.94 331.41 19.13 -145.72 320.47 19.82 0.365 0x0000FF
-160.51 339.79 18.76 -151.94 331.41 19.13 0.365 0x0000FF
-169.63 345.25 18.14 -160.51 339.79 18.76 0.365 0x0000FF
-176.38 349.99 17.77 -169.63 345.25 18.14 0.275 0x0000FF
-186.11 354.98 17.7 -176.38 349.99 17.77 0.18 0x0000FF
-197.97 361.9 17.39 -186.11 354.98 17.7 0.18 0x0000FF
-211.84 371.38 16.94 -197.97 361.9 17.39 0.18 0x0000FF
-229.9 381.4 16.48 -211.84 371.38 16.94 0.18 0x0000FF
-124.63 306.51 21.56 -125.66 303.52 21.33 0.365 0x0000FF
-123.71 307.61 22.62 -124.63 306.51 21.56 0.365 0x0000FF
-123.53 307.79 21.63 -123.71 307.61 22.62 0.365 0x0000FF
-122.07 309.25 19.44 -123.53 307.79 21.63 0.365 0x0000FF
-120.98 310.33 18.53 -122.07 309.25 19.44 0.365 0x0000FF
-120.07 311.98 17.16 -120.98 310.33 18.53 0.365 0x0000FF
-119.88 315.26 16.18 -120.07 311.98 17.16 0.365 0x0000FF
-120.8 318.72 15.2 -119.88 315.26 16.18 0.365 0x0000FF
-121.53 322.36 14.29 -120.8 318.72 15.2 0.365 0x0000FF
-121.89 324.55 13.07 -121.53 322.36 14.29 0.365 0x0000FF
-122.07 326.55 12.32 -121.89 324.55 13.07 0.365 0x0000FF
-122.26 328.56 11.71 -122.07 326.55 12.32 0.365 0x0000FF
-123.53 331.66 9.59 -122.26 328.56 11.71 0.365 0x0000FF
-124.26 332.75 9.14 -123.53 331.66 9.59 0.365 0x0000FF
-128.09 334.75 8.52 -124.26 332.75 9.14 0.365 0x0000FF
-130.65 337.67 8.07 -128.09 334.75 8.52 0.365 0x0000FF
-134.11 340.22 7.01 -130.65 337.67 8.07 0.365 0x0000FF
-135.38 341.68 5.88 -134.11 340.22 7.01 0.365 0x0000FF
-138.68 343.86 4.51 -135.38 341.68 5.88 0.365 0x0000FF
-139.94 344.41 3.08 -138.68 343.86 4.51 0.365 0x0000FF
-141.96 345.5 1.79 -139.94 344.41 3.08 0.365 0x0000FF
-145.79 346.96 0.42 -141.96 345.5 1.79 0.365 0x0000FF
-153.44 350.42 -0.41 -145.79 346.96 0.42 0.365 0x0000FF
-162.38 354.61 -0.79 -153.44 350.42 -0.41 0.365 0x0000FF
-178.09 360.63 -1.77 -162.38 354.61 -0.79 0.365 0x0000FF
-220.23 383.58 -2.61 -178.09 360.63 -1.77 0.365 0x0000FF
-255.45 398.16 -3.14 -220.23 383.58 -2.61 0.365 0x0000FF
-124.81 339.13 8.38 -124.26 332.75 9.14 0.365 0x0000FF
-123.9 346.23 8.44 -124.81 339.13 8.38 0.365 0x0000FF
-120.98 351.88 8.98 -123.9 346.23 8.44 0.365 0x0000FF
-118.61 359.35 8.98 -120.98 351.88 8.98 0.365 0x0000FF
-114.04 367.37 9.36 -118.61 359.35 8.98 0.365 0x0000FF
-108.39 373.93 9.36 -114.04 367.37 9.36 0.365 0x0000FF
-103.46 378.66 9.67 -108.39 373.93 9.36 0.365 0x0000FF
-108.57 239.42 29.36 -109.09 237.77 29.28 1.005 0x0000FF
-108.93 240.15 30.12 -108.57 239.42 29.36 1.005 0x0000FF
-109.3 241.61 30.5 -108.93 240.15 30.12 1.005 0x0000FF
-109.3 242.88 31.71 -109.3 241.61 30.5 1.005 0x0000FF
-109.84 245.07 33.68 -109.3 242.88 31.71 1.005 0x0000FF
-110.94 248.17 34.21 -109.84 245.07 33.68 0.91 0x0000FF
-112.03 250.9 34.81 -110.94 248.17 34.21 0.91 0x0000FF
-113.68 255.46 36.25 -112.03 250.9 34.81 0.91 0x0000FF
-115.13 258.74 36.78 -113.68 255.46 36.25 0.91 0x0000FF
-116.78 262.02 37.84 -115.13 258.74 36.78 0.91 0x0000FF
-118.24 264.57 39.97 -116.78 262.02 37.84 0.91 0x0000FF
-119.88 267.66 40.86 -118.24 264.57 39.97 0.91 0x0000FF
-120.97 271.49 42.24 -119.88 267.66 40.86 0.91 0x0000FF
-121.89 275.68 43.45 -120.97 271.49 42.24 0.91 0x0000FF
-122.98 279.69 44.21 -121.89 275.68 43.45 0.91 0x0000FF
-124.26 285.88 45.04 -122.98 279.69 44.21 0.91 0x0000FF
-124.62 290.99 45.95 -124.26 285.88 45.04 0.91 0x0000FF
-125.53 297.36 46.86 -124.62 290.99 45.95 0.73 0x0000FF
-125.9 300.27 47.16 -125.53 297.36 46.86 0.73 0x0000FF
-126.99 305.38 48.0 -125.9 300.27 47.16 0.64 0x0000FF
-126.99 307.38 48.37 -126.99 305.38 48.0 0.64 0x0000FF
-126.99 309.57 48.9 -126.99 307.38 48.37 0.64 0x0000FF
-127.91 313.02 48.15 -126.99 309.57 48.9 0.545 0x0000FF
-129.0 315.95 47.39 -127.91 313.02 48.15 0.455 0x0000FF
-129.55 317.04 46.93 -129.0 315.95 47.39 0.455 0x0000FF
-130.46 318.68 45.95 -129.55 317.04 46.93 0.455 0x0000FF
-131.56 320.87 45.19 -130.46 318.68 45.95 0.455 0x0000FF
-132.47 323.6 45.04 -131.56 320.87 45.19 0.455 0x0000FF
-133.38 325.97 44.97 -132.47 323.6 45.04 0.455 0x0000FF
-134.29 328.52 44.89 -133.38 325.97 44.97 0.455 0x0000FF
-135.02 330.52 44.89 -134.29 328.52 44.89 0.455 0x0000FF
-135.75 332.71 44.59 -135.02 330.52 44.89 0.455 0x0000FF
