8.89 -10.16 -13.36 17.41 -2.57 -15.38 1.005 0x0000FF
7.43 -11.8 -13.36 8.89 -10.16 -13.36 1.005 0x0000FF
3.97 -14.16 -13.51 7.43 -11.8 -13.36 1.005 0x0000FF
2.31 -14.89 -13.67 3.97 -14.16 -13.51 1.005 0x0000FF
0.86 -16.71 -13.59 2.31 -14.89 -13.67 0.545 0x0000FF
1.05 -17.8 -13.36 0.86 -16.71 -13.59 0.545 0x0000FF
1.59 -19.45 -12.98 1.05 -17.8 -13.36 0.545 0x0000FF
1.59 -20.36 -13.44 1.59 -19.45 -12.98 0.545 0x0000FF
1.78 -27.1 -9.03 1.59 -20.36 -13.44 0.545 0x0000FF
1.05 -32.2 -8.21 1.78 -27.1 -9.03 0.545 0x0000FF
1.05 -34.39 -7.45 1.05 -32.2 -8.21 0.545 0x0000FF
1.05 -36.94 -6.62 1.05 -34.39 -7.45 0.545 0x0000FF
-0.05 -40.4 -4.88 1.05 -36.94 -6.62 0.455 0x0000FF
-0.23 -42.04 -3.97 -0.05 -40.4 -4.88 0.455 0x0000FF
-0.78 -44.77 -3.14 -0.23 -42.04 -3.97 0.455 0x0000FF
-1.13 -46.78 -1.85 -0.78 -44.77 -3.14 0.455 0x0000FF
-2.42 -50.24 -0.26 -1.13 -46.78 -1.85 0.455 0x0000FF
-3.52 -54.61 0.65 -2.42 -50.24 -0.26 0.455 0x0000FF
-6.25 -58.99 1.94 -3.52 -54.61 0.65 0.365 0x0000FF
-8.26 -62.26 2.62 -6.25 -58.99 1.94 0.365 0x0000FF
-9.35 -63.9 3.3 -8.26 -62.26 2.62 0.365 0x0000FF
-11.0 -66.09 4.51 -9.35 -63.9 3.3 0.365 0x0000FF
-14.28 -70.28 5.65 -11.0 -66.09 4.51 0.365 0x0000FF
-18.48 -77.2 5.73 -14.28 -70.28 5.65 0.365 0x0000FF
-21.58 -82.31 5.88 -18.48 -77.2 5.73 0.365 0x0000FF
-21.69 -83.41 6.86 -21.58 -82.31 5.88 0.365 0x0000FF
-21.87 -83.96 6.86 -21.69 -83.41 6.86 0.365 0x0000FF
-22.06 -87.06 6.94 -21.87 -83.96 6.86 0.365 0x0000FF
-22.06 -89.24 6.94 -22.06 -87.06 6.94 0.365 0x0000FF
-21.14 -93.25 7.62 -22.06 -89.24 6.94 0.365 0x0000FF
-20.96 -95.99 8.3 -21.14 -93.25 7.62 0.365 0x0000FF
-20.6 -100.18 8.52 -20.96 -95.99 8.3 0.365 0x0000FF
-20.41 -103.82 9.28 -20.6 -100.18 8.52 0.365 0x0000FF
-20.23 -107.1 10.27 -20.41 -103.82 9.28 0.365 0x0000FF
-19.87 -111.84 11.1 -20.23 -107.1 10.27 0.365 0x0000FF
-19.5 -116.76 12.09 -19.87 -111.84 11.1 0.365 0x0000FF
-18.95 -121.68 12.39 -19.5 -116.76 12.09 0.365 0x0000FF
-18.41 -125.5 13.23 -18.95 -121.68 12.39 0.365 0x0000FF
-18.41 -127.87 14.59 -18.41 -125.5 13.23 0.365 0x0000FF
-18.41 -128.22 15.8 -18.41 -127.87 14.59 0.365 0x0000FF
-18.95 -130.79 16.26 -18.41 -128.22 15.8 0.365 0x0000FF
-19.5 -132.43 17.62 -18.95 -130.79 16.26 0.365 0x0000FF
-20.05 -133.69 18.6 -19.5 -132.43 17.62 0.365 0x0000FF
-20.23 -134.79 19.89 -20.05 -133.69 18.6 0.365 0x0000FF
-20.6 -135.71 20.95 -20.23 -134.79 19.89 0.365 0x0000FF
-20.78 -136.62 25.57 -20.6 -135.71 20.95 0.365 0x0000FF
-20.96 -138.26 27.09 -20.78 -136.62 25.57 0.365 0x0000FF
-20.96 -138.26 29.06 -20.96 -138.26 27.09 0.365 0x0000FF
-19.87 -85.42 7.85 -21.58 -82.31 5.88 0.365 0x0000FF
-19.14 -86.88 8.3 -19.87 -85.42 7.85 0.365 0x0000FF
-18.41 -88.88 7.39 -19.14 -86.88 8.3 0.365 0x0000FF
-18.04 -91.79 6.11 -18.41 -88.88 7.39 0.365 0x0000FF
-16.57 -95.99 5.04 -18.04 -91.79 6.11 0.365 0x0000FF
-15.85 -97.99 3.98 -16.57 -95.99 5.04 0.365 0x0000FF
-15.31 -100.18 3.0 -15.85 -97.99 3.98 0.365 0x0000FF
-14.21 -104.55 1.71 -15.31 -100.18 3.0 0.365 0x0000FF
-13.66 -107.83 0.35 -14.21 -104.55 1.71 0.365 0x0000FF
-13.3 -109.65 -0.86 -13.66 -107.83 0.35 0.365 0x0000FF
-12.93 -111.84 -1.24 -13.3 -109.65 -0.86 0.365 0x0000FF
-12.75 -115.48 -3.29 -12.93 -111.84 -1.24 0.365 0x0000FF
-12.75 -116.76 -4.42 -12.75 -115.48 -3.29 0.365 0x0000FF
-12.75 -120.04 -6.01 -12.75 -116.76 -4.42 0.365 0x0000FF
-12.2 -123.13 -7.45 -12.75 -120.04 -6.01 0.365 0x0000FF
-11.47 -125.14 -9.35 -12.2 -123.13 -7.45 0.365 0x0000FF
-7.46 -130.79 -11.01 -11.47 -125.14 -9.35 0.275 0x0000FF
0.93 -15.82 -12.83 2.31 -14.89 -13.67 0.64 0x0000FF
-0.53 -16.36 -12.6 0.93 -15.82 -12.83 0.64 0x0000FF
-0.89 -16.55 -14.27 -0.53 -16.36 -12.6 0.64 0x0000FF
-4.36 -19.64 -14.5 -0.89 -16.55 -14.27 0.455 0x0000FF
-6.18 -21.83 -13.89 -4.36 -19.64 -14.5 0.365 0x0000FF
-6.55 -22.56 -14.04 -6.18 -21.83 -13.89 0.365 0x0000FF
-6.91 -23.47 -14.42 -6.55 -22.56 -14.04 0.365 0x0000FF
-7.09 -24.2 -16.09 -6.91 -23.47 -14.42 0.365 0x0000FF
-7.82 -25.66 -17.07 -7.09 -24.2 -16.09 0.365 0x0000FF
-8.36 -27.66 -17.53 -7.82 -25.66 -17.07 0.275 0x0000FF
-2.9 -16.73 -13.59 -0.89 -16.55 -14.27 0.455 0x0000FF
-5.64 -16.55 -13.14 -2.9 -16.73 -13.59 0.455 0x0000FF
-6.36 -17.09 -14.04 -5.64 -16.55 -13.14 0.455 0x0000FF
-8.01 -17.28 -14.2 -6.36 -17.09 -14.04 0.455 0x0000FF
-13.3 -16.91 -16.17 -8.01 -17.28 -14.2 0.455 0x0000FF
-15.67 -17.09 -17.76 -13.3 -16.91 -16.17 0.455 0x0000FF
-19.5 -17.09 -19.04 -15.67 -17.09 -17.76 0.455 0x0000FF
-25.16 -16.0 -20.71 -19.5 -17.09 -19.04 0.455 0x0000FF
-31.91 -13.81 -21.69 -25.16 -16.0 -20.71 0.455 0x0000FF
-39.75 -10.35 -23.13 -31.91 -13.81 -21.69 0.365 0x0000FF
-52.53 -7.07 -23.97 -39.75 -10.35 -23.13 0.365 0x0000FF
-64.2 -4.16 -24.88 -52.53 -7.07 -23.97 0.365 0x0000FF
-69.86 -1.79 -26.47 -64.2 -4.16 -24.88 0.365 0x0000FF
-94.49 1.31 -28.82 -69.86 -1.79 -26.47 0.365 0x0000FF
-97.96 0.76 -30.03 -94.49 1.31 -28.82 0.365 0x0000FF
-101.24 0.76 -30.71 -97.96 0.76 -30.03 0.275 0x0000FF
8.41 -7.98 -17.68 17.41 -2.57 -15.38 0.82 0x0000FF
7.68 -8.35 -19.12 8.41 -7.98 -17.68 0.82 0x0000FF
7.32 -8.35 -21.01 7.68 -8.35 -19.12 0.82 0x0000FF
5.68 -9.44 -24.35 7.32 -8.35 -21.01 0.82 0x0000FF
1.66 -8.71 -24.42 5.68 -9.44 -24.35 0.545 0x0000FF
-1.8 -7.8 -24.65 1.66 -8.71 -24.42 0.545 0x0000FF
-6.18 -6.89 -24.95 -1.8 -7.8 -24.65 0.545 0x0000FF
-8.92 -6.34 -25.18 -6.18 -6.89 -24.95 0.545 0x0000FF
-11.29 -5.61 -25.63 -8.92 -6.34 -25.18 0.545 0x0000FF
-13.66 -4.7 -26.24 -11.29 -5.61 -25.63 0.545 0x0000FF
-16.57 -3.43 -26.47 -13.66 -4.7 -26.24 0.545 0x0000FF
-17.86 -2.88 -24.95 -16.57 -3.43 -26.47 0.545 0x0000FF
-19.68 -1.97 -25.56 -17.86 -2.88 -24.95 0.545 0x0000FF
-23.15 -1.42 -27.68 -19.68 -1.97 -25.56 0.545 0x0000FF
-24.06 -1.42 -30.78 -23.15 -1.42 -27.68 0.545 0x0000FF
-30.45 -1.79 -31.69 -24.06 -1.42 -30.78 0.545 0x0000FF
-31.73 -2.15 -32.53 -30.45 -1.79 -31.69 0.545 0x0000FF
-33.36 -2.52 -33.44 -31.73 -2.15 -32.53 0.545 0x0000FF
-36.47 -2.33 -34.79 -33.36 -2.52 -33.44 0.545 0x0000FF
-37.93 -2.33 -35.94 -36.47 -2.33 -34.79 0.545 0x0000FF
-42.86 -1.42 -36.92 -37.93 -2.33 -35.94 0.545 0x0000FF
-45.59 -0.88 -38.44 -42.86 -1.42 -36.92 0.545 0x0000FF
-46.32 -0.88 -39.65 -45.59 -0.88 -38.44 0.545 0x0000FF
-47.96 -0.51 -40.25 -46.32 -0.88 -39.65 0.545 0x0000FF
-50.34 0.22 -42.3 -47.96 -0.51 -40.25 0.545 0x0000FF
-51.43 0.57 -43.66 -50.34 0.22 -42.3 0.545 0x0000FF
-53.99 0.22 -44.95 -51.43 0.57 -43.66 0.545 0x0000FF
-57.82 0.57 -46.24 -53.99 0.22 -44.95 0.545 0x0000FF
-62.01 0.57 -47.3 -57.82 0.57 -46.24 0.545 0x0000FF
-65.84 -0.15 -47.83 -62.01 0.57 -47.3 0.545 0x0000FF
-68.58 -0.33 -48.74 -65.84 -0.15 -47.83 0.545 0x0000FF
-72.23 0.22 -49.8 -68.58 -0.33 -48.74 0.545 0x0000FF
-73.51 0.57 -50.93 -72.23 0.22 -49.8 0.545 0x0000FF
-75.15 0.94 -51.99 -73.51 0.57 -50.93 0.545 0x0000FF
-77.7 1.67 -54.34 -75.15 0.94 -51.99 0.455 0x0000FF
-79.7 2.04 -55.71 -77.7 1.67 -54.34 0.455 0x0000FF
-81.17 2.4 -56.69 -79.7 2.04 -55.71 0.455 0x0000FF
-84.09 2.22 -58.66 -81.17 2.4 -56.69 0.365 0x0000FF
-86.83 2.22 -59.72 -84.09 2.22 -58.66 0.365 0x0000FF
-89.93 2.58 -61.16 -86.83 2.22 -59.72 0.365 0x0000FF
-94.67 2.4 -62.83 -89.93 2.58 -61.16 0.365 0x0000FF
-98.14 1.49 -64.27 -94.67 2.4 -62.83 0.365 0x0000FF
-102.52 -1.24 -64.87 -98.14 1.49 -64.27 0.365 0x0000FF
-107.63 -5.8 -65.4 -102.52 -1.24 -64.87 0.365 0x0000FF
-113.65 -13.81 -66.31 -107.63 -5.8 -65.4 0.365 0x0000FF
-118.57 -19.1 -66.92 -113.65 -13.81 -66.31 0.365 0x0000FF
-132.8 -22.74 -67.75 -118.57 -19.1 -66.92 0.365 0x0000FF
0.93 -12.9 -23.44 5.68 -9.44 -24.35 0.455 0x0000FF
-5.82 -17.46 -23.13 0.93 -12.9 -23.44 0.455 0x0000FF
-11.66 -20.55 -23.66 -5.82 -17.46 -23.13 0.365 0x0000FF
-16.39 -25.29 -23.97 -11.66 -20.55 -23.66 0.365 0x0000FF
-19.68 -30.39 -24.72 -16.39 -25.29 -23.97 0.365 0x0000FF
-22.42 -35.5 -25.63 -19.68 -30.39 -24.72 0.365 0x0000FF
-26.8 -40.22 -26.54 -22.42 -35.5 -25.63 0.365 0x0000FF
-32.27 -46.06 -27.15 -26.8 -40.22 -26.54 0.365 0x0000FF
-44.5 -53.9 -27.53 -32.27 -46.06 -27.15 0.365 0x0000FF
-51.43 -64.65 -28.06 -44.5 -53.9 -27.53 0.365 0x0000FF
-58.73 -74.12 -28.51 -51.43 -64.65 -28.06 0.365 0x0000FF
-61.47 -80.86 -28.97 -58.73 -74.12 -28.51 0.365 0x0000FF
26.66 -7.44 -12.23 17.41 -2.57 -15.38 1.005 0x0000FF
28.48 -9.08 -11.54 26.66 -7.44 -12.23 1.005 0x0000FF
31.59 -11.08 -10.41 28.48 -9.08 -11.54 1.005 0x0000FF
32.32 -11.26 -9.27 31.59 -11.08 -10.41 1.005 0x0000FF
33.77 -11.81 -10.79 32.32 -11.26 -9.27 1.005 0x0000FF
35.22 -12.9 -12.0 33.77 -11.81 -10.79 1.005 0x0000FF
36.69 -14.36 -12.98 35.22 -12.9 -12.0 1.005 0x0000FF
38.52 -15.82 -14.27 36.69 -14.36 -12.98 1.005 0x0000FF
43.81 -20.19 -14.5 38.52 -15.82 -14.27 1.005 0x0000FF
45.45 -20.74 -14.73 43.81 -20.19 -14.5 0.64 0x0000FF
48.37 -21.83 -15.63 45.45 -20.74 -14.73 0.545 0x0000FF
49.65 -22.38 -16.23 48.37 -21.83 -15.63 0.545 0x0000FF
50.38 -22.38 -17.53 49.65 -22.38 -16.23 0.545 0x0000FF
53.66 -22.74 -18.51 50.38 -22.38 -17.53 0.545 0x0000FF
54.94 -24.2 -18.89 53.66 -22.74 -18.51 0.545 0x0000FF
56.4 -25.11 -19.5 54.94 -24.2 -18.89 0.545 0x0000FF
57.86 -26.39 -20.63 56.4 -25.11 -19.5 0.545 0x0000FF
59.87 -27.3 -21.39 57.86 -26.39 -20.63 0.545 0x0000FF
61.51 -28.21 -23.06 59.87 -27.3 -21.39 0.545 0x0000FF
63.33 -29.66 -23.59 61.51 -28.21 -23.06 0.545 0x0000FF
65.16 -31.67 -24.5 63.33 -29.66 -23.59 0.545 0x0000FF
66.25 -32.03 -25.48 65.16 -31.67 -24.5 0.545 0x0000FF
76.09 -38.77 -26.24 66.25 -32.03 -25.48 0.455 0x0000FF
85.04 -43.15 -26.47 76.09 -38.77 -26.24 0.455 0x0000FF
93.8 -46.79 -27.07 85.04 -43.15 -26.47 0.455 0x0000FF
99.28 -48.61 -27.98 93.8 -46.79 -27.07 0.455 0x0000FF
104.02 -50.44 -29.19 99.28 -48.61 -27.98 0.455 0x0000FF
106.21 -51.35 -29.42 104.02 -50.44 -29.19 0.455 0x0000FF
109.46 -52.48 -30.03 106.21 -51.35 -29.42 0.365 0x0000FF
112.75 -53.58 -31.09 109.46 -52.48 -30.03 0.365 0x0000FF
115.3 -55.03 -31.85 112.75 -53.58 -31.09 0.365 0x0000FF
116.4 -56.13 -33.44 115.3 -55.03 -31.85 0.275 0x0000FF
120.41 -57.95 -35.03 116.4 -56.13 -33.44 0.275 0x0000FF
71.51 -31.53 -25.18 66.25 -32.03 -25.48 0.365 0x0000FF
76.44 -30.98 -25.03 71.51 -31.53 -25.18 0.365 0x0000FF
84.28 -31.35 -24.57 76.44 -30.98 -25.03 0.365 0x0000FF
103.08 -35.36 -24.35 84.28 -31.35 -24.57 0.365 0x0000FF
113.29 -38.09 -24.12 103.08 -35.36 -24.35 0.365 0x0000FF
124.97 -39.9 -23.89 113.29 -38.09 -24.12 0.365 0x0000FF
136.65 -42.1 -23.74 124.97 -39.9 -23.89 0.365 0x0000FF
143.4 -43.92 -23.36 136.65 -42.1 -23.74 0.365 0x0000FF
146.32 -44.83 -21.47 143.4 -43.92 -23.36 0.365 0x0000FF
148.13 -45.19 -19.04 146.32 -44.83 -21.47 0.365 0x0000FF
150.88 -45.56 -18.59 148.13 -45.19 -19.04 0.365 0x0000FF
158.54 -45.38 -4.73 150.88 -45.56 -18.59 0.275 0x0000FF
46.52 -23.51 -14.2 43.81 -20.19 -14.5 0.365 0x0000FF
51.44 -26.25 -14.57 46.52 -23.51 -14.2 0.365 0x0000FF
56.92 -29.16 -15.03 51.44 -26.25 -14.57 0.365 0x0000FF
61.11 -32.08 -15.71 56.92 -29.16 -15.03 0.365 0x0000FF
63.67 -34.81 -15.94 61.11 -32.08 -15.71 0.365 0x0000FF
64.76 -35.9 -15.71 63.67 -34.81 -15.94 0.365 0x0000FF
67.86 -38.27 -14.5 64.76 -35.9 -15.71 0.365 0x0000FF
71.88 -40.64 -12.53 67.86 -38.27 -14.5 0.365 0x0000FF
75.7 -43.19 -10.86 71.88 -40.64 -12.53 0.365 0x0000FF
79.91 -45.74 -9.42 75.7 -43.19 -10.86 0.365 0x0000FF
83.92 -48.84 -8.06 79.91 -45.74 -9.42 0.365 0x0000FF
97.42 -56.13 -6.32 83.92 -48.84 -8.06 0.365 0x0000FF
111.29 -61.59 -5.94 97.42 -56.13 -6.32 0.365 0x0000FF
125.7 -67.59 -5.64 111.29 -61.59 -5.94 0.365 0x0000FF
140.12 -74.89 -5.33 125.7 -67.59 -5.64 0.365 0x0000FF
141.76 -76.17 -5.33 140.12 -74.89 -5.33 0.365 0x0000FF
143.4 -78.72 -5.33 141.76 -76.17 -5.33 0.365 0x0000FF
144.86 -82.18 -5.03 143.4 -78.72 -5.33 0.365 0x0000FF
145.59 -84.91 -5.03 144.86 -82.18 -5.03 0.365 0x0000FF
147.05 -89.83 -4.73 145.59 -84.91 -5.03 0.365 0x0000FF
148.33 -94.02 -4.5 147.05 -89.83 -4.73 0.365 0x0000FF
27.18 -4.01 -11.92 17.41 -2.57 -15.38 0.64 0x0000FF
29.18 -4.93 -11.09 27.18 -4.01 -11.92 0.64 0x0000FF
29.91 -5.47 -10.41 29.18 -4.93 -11.09 0.64 0x0000FF
31.01 -6.2 -9.03 29.91 -5.47 -10.41 0.64 0x0000FF
31.19 -6.2 -7.3 31.01 -6.2 -9.03 0.64 0x0000FF
34.11 -6.93 -3.67 31.19 -6.2 -7.3 0.64 0x0000FF
36.11 -7.48 -2.91 34.11 -6.93 -3.67 0.64 0x0000FF
43.6 -6.75 -2.23 36.11 -7.48 -2.91 0.545 0x0000FF
48.16 -7.3 -1.55 43.6 -6.75 -2.23 0.545 0x0000FF
54.55 -8.39 -0.94 48.16 -7.3 -1.55 0.545 0x0000FF
60.02 -9.48 -0.26 54.55 -8.39 -0.94 0.545 0x0000FF
66.22 -10.39 0.57 60.02 -9.48 -0.26 0.365 0x0000FF
73.52 -12.4 0.65 66.22 -10.39 0.57 0.365 0x0000FF
76.98 -13.86 1.18 73.52 -12.4 0.65 0.365 0x0000FF
84.47 -16.77 2.24 76.98 -13.86 1.18 0.365 0x0000FF
89.76 -18.96 2.39 84.47 -16.77 2.24 0.365 0x0000FF
97.42 -20.78 3.08 89.76 -18.96 2.39 0.365 0x0000FF
115.12 -23.69 3.68 97.42 -20.78 3.08 0.275 0x0000FF
121.51 -24.06 3.83 115.12 -23.69 3.68 0.275 0x0000FF
128.44 -24.42 3.98 121.51 -24.06 3.83 0.275 0x0000FF
41.04 -9.3 -2.61 36.11 -7.48 -2.91 0.365 0x0000FF
42.87 -10.58 -3.29 41.04 -9.3 -2.61 0.365 0x0000FF
45.24 -12.4 -3.97 42.87 -10.58 -3.29 0.365 0x0000FF
47.43 -14.95 -4.95 45.24 -12.4 -3.97 0.365 0x0000FF
48.34 -16.22 -6.24 47.43 -14.95 -4.95 0.365 0x0000FF
49.62 -17.14 -5.71 48.34 -16.22 -6.24 0.365 0x0000FF
51.08 -18.41 -4.95 49.62 -17.14 -5.71 0.365 0x0000FF
52.54 -19.14 -3.21 51.08 -18.41 -4.95 0.365 0x0000FF
53.63 -19.87 -1.09 52.54 -19.14 -3.21 0.365 0x0000FF
54.91 -20.42 0.8 53.63 -19.87 -1.09 0.365 0x0000FF
56.19 -20.78 2.09 54.91 -20.42 0.8 0.365 0x0000FF
57.46 -21.14 3.61 56.19 -20.78 2.09 0.365 0x0000FF
58.19 -21.33 5.58 57.46 -21.14 3.61 0.365 0x0000FF
59.84 -21.51 8.0 58.19 -21.33 5.58 0.365 0x0000FF
63.49 -21.51 18.45 59.84 -21.51 8.0 0.275 0x0000FF
67.86 -21.87 18.98 63.49 -21.51 18.45 0.18 0x0000FF
16.59 -11.31 -19.35 17.41 -2.57 -15.38 0.64 0x0000FF
17.87 -13.67 -19.35 16.59 -11.31 -19.35 0.64 0x0000FF
19.32 -14.95 -19.35 17.87 -13.67 -19.35 0.64 0x0000FF
21.52 -18.05 -19.95 19.32 -14.95 -19.35 0.64 0x0000FF
23.53 -20.96 -20.32 21.52 -18.05 -19.95 0.64 0x0000FF
24.62 -22.97 -20.79 23.53 -20.96 -20.32 0.64 0x0000FF
24.81 -25.33 -21.39 24.62 -22.97 -20.79 0.64 0x0000FF
25.72 -29.71 -22.0 24.81 -25.33 -21.39 0.64 0x0000FF
26.63 -33.72 -22.68 25.72 -29.71 -22.0 0.64 0x0000FF
28.45 -41.91 -23.59 26.63 -33.72 -22.68 0.545 0x0000FF
30.83 -44.47 -24.27 28.45 -41.91 -23.59 0.545 0x0000FF
34.65 -49.02 -25.41 30.83 -44.47 -24.27 0.545 0x0000FF
37.21 -52.3 -26.69 34.65 -49.02 -25.41 0.545 0x0000FF
39.77 -55.22 -27.68 37.21 -52.3 -26.69 0.545 0x0000FF
42.14 -57.95 -28.89 39.77 -55.22 -27.68 0.545 0x0000FF
43.05 -59.04 -29.65 42.14 -57.95 -28.89 0.545 0x0000FF
43.6 -59.77 -30.94 43.05 -59.04 -29.65 0.545 0x0000FF
44.69 -61.96 -32.83 43.6 -59.77 -30.94 0.545 0x0000FF
45.6 -66.51 -34.35 44.69 -61.96 -32.83 0.545 0x0000FF
46.15 -69.97 -36.31 45.6 -66.51 -34.35 0.545 0x0000FF
46.52 -72.89 -38.06 46.15 -69.97 -36.31 0.545 0x0000FF
47.06 -75.62 -39.19 46.52 -72.89 -38.06 0.545 0x0000FF
48.34 -81.45 -40.71 47.06 -75.62 -39.19 0.455 0x0000FF
48.89 -82.91 -42.3 48.34 -81.45 -40.71 0.455 0x0000FF
49.62 -85.28 -43.51 48.89 -82.91 -42.3 0.455 0x0000FF
50.53 -87.65 -44.19 49.62 -85.28 -43.51 0.455 0x0000FF
51.26 -91.11 -45.71 50.53 -87.65 -44.19 0.455 0x0000FF
51.63 -94.93 -47.6 51.26 -91.11 -45.71 0.455 0x0000FF
51.26 -100.22 -49.04 51.63 -94.93 -47.6 0.455 0x0000FF
51.26 -101.68 -50.33 51.26 -100.22 -49.04 0.455 0x0000FF
51.26 -103.68 -51.46 51.26 -101.68 -50.33 0.455 0x0000FF
51.63 -105.32 -52.15 51.26 -103.68 -51.46 0.455 0x0000FF
51.81 -106.78 -53.81 51.63 -105.32 -52.15 0.455 0x0000FF
52.36 -108.42 -55.48 51.81 -106.78 -53.81 0.455 0x0000FF
52.9 -110.24 -60.63 52.36 -108.42 -55.48 0.365 0x0000FF
53.27 -111.7 -60.63 52.9 -110.24 -60.63 0.365 0x0000FF
8.18 5.33 -10.41 17.41 -2.57 -15.38 3.285 0x0000FF
7.45 6.97 -10.71 8.18 5.33 -10.41 3.285 0x0000FF
6.9 9.52 -10.79 7.45 6.97 -10.71 2.92 0x0000FF
6.72 10.06 -9.65 6.9 9.52 -10.79 2.92 0x0000FF
6.54 10.97 -8.28 6.72 10.06 -9.65 2.92 0x0000FF
6.54 16.8 -7.38 6.54 10.97 -8.28 2.555 0x0000FF
6.35 18.44 -6.77 6.54 16.8 -7.38 2.555 0x0000FF
5.99 25.91 -5.56 6.35 18.44 -6.77 2.465 0x0000FF
4.88 29.38 -4.88 5.99 25.91 -5.56 2.465 0x0000FF
3.07 35.57 -4.5 4.88 29.38 -4.88 2.19 0x0000FF
1.79 38.85 -3.82 3.07 35.57 -4.5 2.19 0x0000FF
1.06 41.4 -2.91 1.79 38.85 -3.82 2.19 0x0000FF
0.15 44.68 -2.23 1.06 41.4 -2.91 2.19 0x0000FF
-1.31 51.42 -0.86 0.15 44.68 -2.23 2.19 0x0000FF
-4.59 61.26 0.42 -1.31 51.42 -0.86 2.19 0x0000FF
-5.87 64.36 1.48 -4.59 61.26 0.42 1.915 0x0000FF
-7.33 66.54 2.24 -5.87 64.36 1.48 1.915 0x0000FF
-9.16 70.55 4.05 -7.33 66.54 2.24 1.825 0x0000FF
-12.44 72.37 7.32 -9.16 70.55 4.05 0.455 0x0000FF
-15.18 73.83 7.85 -12.44 72.37 7.32 0.455 0x0000FF
-20.29 76.2 8.61 -15.18 73.83 7.85 0.455 0x0000FF
-26.49 79.66 9.06 -20.29 76.2 8.61 0.455 0x0000FF
-29.23 80.94 10.27 -26.49 79.66 9.06 0.275 0x0000FF
-30.32 81.67 11.18 -29.23 80.94 10.27 0.275 0x0000FF
-31.42 82.4 11.71 -30.32 81.67 11.18 0.275 0x0000FF
-34.33 83.67 13.23 -31.42 82.4 11.71 0.275 0x0000FF
-36.34 84.4 14.67 -34.33 83.67 13.23 0.275 0x0000FF
-38.17 85.13 16.32 -36.34 84.4 14.67 0.275 0x0000FF
-41.27 86.95 17.62 -38.17 85.13 16.32 0.275 0x0000FF
-45.65 89.87 18.91 -41.27 86.95 17.62 0.275 0x0000FF
-50.21 92.23 20.19 -45.65 89.87 18.91 0.275 0x0000FF
-56.05 93.87 21.63 -50.21 92.23 20.19 0.275 0x0000FF
-59.51 94.97 22.24 -56.05 93.87 21.63 0.275 0x0000FF
-64.26 96.43 23.3 -59.51 94.97 22.24 0.275 0x0000FF
-68.64 98.07 24.06 -64.26 96.43 23.3 0.275 0x0000FF
-73.93 100.25 24.66 -68.64 98.07 24.06 0.275 0x0000FF
-11.35 76.38 5.58 -9.16 70.55 4.05 1.095 0x0000FF
-12.99 81.48 6.11 -11.35 76.38 5.58 1.095 0x0000FF
-14.08 87.32 6.56 -12.99 81.48 6.11 1.095 0x0000FF
-19.73 96.24 7.24 -14.08 87.32 6.56 1.095 0x0000FF
-22.66 103.17 8.23 -19.73 96.24 7.24 1.095 0x0000FF
-25.03 106.63 8.44 -22.66 103.17 8.23 1.095 0x0000FF
-25.58 108.09 9.06 -25.03 106.63 8.44 1.095 0x0000FF
-26.12 109.36 9.67 -25.58 108.09 9.06 1.095 0x0000FF
-29.75 118.05 11.33 -26.12 109.36 9.67 1.095 0x0000FF
-31.94 121.87 9.67 -29.75 118.05 11.33 1.095 0x0000FF
-33.22 123.69 7.39 -31.94 121.87 9.67 1.095 0x0000FF
-31.76 126.06 6.79 -33.22 123.69 7.39 0.455 0x0000FF
-27.93 128.43 6.48 -31.76 126.06 6.79 0.455 0x0000FF
-25.74 132.26 5.8 -27.93 128.43 6.48 0.455 0x0000FF
-24.46 138.44 5.2 -25.74 132.26 5.8 0.455 0x0000FF
-24.1 144.28 4.74 -24.46 138.44 5.2 0.455 0x0000FF
-22.27 151.75 4.36 -24.1 144.28 4.74 0.455 0x0000FF
-21.54 157.22 3.98 -22.27 151.75 4.36 0.455 0x0000FF
-21.18 159.22 3.53 -21.54 157.22 3.98 0.455 0x0000FF
-23.0 166.51 3.15 -21.18 159.22 3.53 0.455 0x0000FF
-26.29 173.8 2.77 -23.0 166.51 3.15 0.455 0x0000FF
-29.39 182.18 2.62 -26.29 173.8 2.77 0.455 0x0000FF
-29.2 191.84 2.47 -29.39 182.18 2.62 0.455 0x0000FF
-29.39 194.75 2.09 -29.2 191.84 2.47 0.455 0x0000FF
-29.75 196.94 1.94 -29.39 194.75 2.09 0.455 0x0000FF
-29.74 201.48 6.33 -29.75 196.94 1.94 0.455 0x0000FF
-31.56 203.48 7.39 -29.74 201.48 6.33 0.275 0x0000FF
-31.93 204.58 8.0 -31.56 203.48 7.39 0.275 0x0000FF
-32.11 204.76 4.44 -31.93 204.58 8.0 0.275 0x0000FF
-32.84 205.85 2.39 -32.11 204.76 4.44 0.275 0x0000FF
-32.84 206.4 1.18 -32.84 205.85 2.39 0.275 0x0000FF
-35.76 211.68 -0.03 -32.84 206.4 1.18 0.275 0x0000FF
-28.96 203.02 6.26 -29.74 201.48 6.33 0.455 0x0000FF
-28.96 204.48 6.94 -28.96 203.02 6.26 0.455 0x0000FF
-28.23 205.39 7.77 -28.96 204.48 6.94 0.455 0x0000FF
-27.5 206.3 7.77 -28.23 205.39 7.77 0.455 0x0000FF
-26.95 206.85 6.26 -27.5 206.3 7.77 0.455 0x0000FF
-26.4 207.39 4.82 -26.95 206.85 6.26 0.455 0x0000FF
-25.85 207.58 4.29 -26.4 207.39 4.82 0.275 0x0000FF
-24.76 207.58 3.45 -25.85 207.58 4.29 0.275 0x0000FF
-23.66 207.76 2.09 -24.76 207.58 3.45 0.275 0x0000FF
-22.75 208.12 1.56 -23.66 207.76 2.09 0.275 0x0000FF
-20.75 209.03 1.41 -22.75 208.12 1.56 0.275 0x0000FF
-18.55 209.58 2.62 -20.75 209.03 1.41 0.275 0x0000FF
-16.0 209.58 2.92 -18.55 209.58 2.62 0.275 0x0000FF
-12.53 211.22 3.08 -16.0 209.58 2.92 0.275 0x0000FF
-39.04 129.51 7.62 -33.22 123.69 7.39 1.185 0x0000FF
-43.42 131.15 8.0 -39.04 129.51 7.62 0.455 0x0000FF
-49.63 133.52 8.23 -43.42 131.15 8.0 0.455 0x0000FF
-55.65 135.16 8.3 -49.63 133.52 8.23 0.455 0x0000FF
-63.49 138.44 8.38 -55.65 135.16 8.3 0.455 0x0000FF
-70.79 142.26 7.54 -63.49 138.44 8.38 0.455 0x0000FF
-73.53 144.08 6.71 -70.79 142.26 7.54 0.455 0x0000FF
-75.17 145.36 6.03 -73.53 144.08 6.71 0.455 0x0000FF
-77.36 147.36 5.35 -75.17 145.36 6.03 0.455 0x0000FF
-79.37 150.28 4.82 -77.36 147.36 5.35 0.455 0x0000FF
-81.19 153.38 4.44 -79.37 150.28 4.82 0.455 0x0000FF
-82.1 158.66 4.36 -81.19 153.38 4.44 0.455 0x0000FF
-81.55 162.49 3.45 -82.1 158.66 4.36 0.455 0x0000FF
-80.83 164.49 3.0 -81.55 162.49 3.45 0.455 0x0000FF
-79.0 168.32 3.0 -80.83 164.49 3.0 0.275 0x0000FF
-78.81 171.05 3.45 -79.0 168.32 3.0 0.275 0x0000FF
-78.09 175.24 3.76 -78.81 171.05 3.45 0.275 0x0000FF
-78.27 178.7 4.13 -78.09 175.24 3.76 0.275 0x0000FF
-79.18 180.71 4.36 -78.27 178.7 4.13 0.275 0x0000FF
-39.4 132.61 7.62 -39.04 129.51 7.62 0.64 0x0000FF
-41.05 136.97 7.85 -39.4 132.61 7.62 0.64 0x0000FF
-41.96 140.44 8.15 -41.05 136.97 7.85 0.64 0x0000FF
-42.87 143.16 8.61 -41.96 140.44 8.15 0.64 0x0000FF
-43.42 145.18 9.14 -42.87 143.16 8.61 0.64 0x0000FF
-45.25 149.0 9.97 -43.42 145.18 9.14 0.64 0x0000FF
-46.16 153.91 12.01 -45.25 149.0 9.97 0.64 0x0000FF
-46.52 156.11 12.39 -46.16 153.91 12.01 0.64 0x0000FF
-47.07 163.03 13.23 -46.52 156.11 12.39 0.64 0x0000FF
-46.89 166.13 14.51 -47.07 163.03 13.23 0.64 0x0000FF
-47.25 167.77 15.2 -46.89 166.13 14.51 0.64 0x0000FF
-48.35 170.69 16.03 -47.25 167.77 15.2 0.64 0x0000FF
-51.09 174.51 16.79 -48.35 170.69 16.03 0.64 0x0000FF
-52.0 178.89 17.23 -51.09 174.51 16.79 0.64 0x0000FF
-52.18 183.8 17.7 -52.0 178.89 17.23 0.64 0x0000FF
-52.36 187.45 19.29 -52.18 183.8 17.7 0.64 0x0000FF
-52.36 192.55 20.8 -52.36 187.45 19.29 0.64 0x0000FF
-52.54 197.47 22.01 -52.36 192.55 20.8 0.455 0x0000FF
-51.82 200.38 22.69 -52.54 197.47 22.01 0.455 0x0000FF
-48.53 211.86 23.07 -51.82 200.38 22.69 0.455 0x0000FF
-50.54 220.97 23.6 -48.53 211.86 23.07 0.455 0x0000FF
-53.46 225.35 23.98 -50.54 220.97 23.6 0.455 0x0000FF
-58.2 235.73 24.44 -53.46 225.35 23.98 0.455 0x0000FF
-62.03 251.22 25.42 -58.2 235.73 24.44 0.455 0x0000FF
-71.7 269.26 25.8 -62.03 251.22 25.42 0.455 0x0000FF
-72.98 277.82 26.71 -71.7 269.26 25.8 0.455 0x0000FF
-78.45 291.67 27.39 -72.98 277.82 26.71 0.455 0x0000FF
-79.91 296.58 27.92 -78.45 291.67 27.39 0.455 0x0000FF
-80.09 298.04 28.15 -79.91 296.58 27.92 0.455 0x0000FF
-85.03 315.56 29.36 -80.09 298.04 28.15 0.455 0x0000FF
-88.31 327.02 29.59 -85.03 315.56 29.36 0.455 0x0000FF
-88.5 330.31 28.6 -88.31 327.02 29.59 0.455 0x0000FF
-88.5 331.77 27.47 -88.5 330.31 28.6 0.455 0x0000FF
-88.5 333.59 26.48 -88.5 331.77 27.47 0.455 0x0000FF
-89.04 335.6 25.88 -88.5 333.59 26.48 0.455 0x0000FF
-90.5 337.6 25.35 -89.04 335.6 25.88 0.455 0x0000FF
-91.96 339.61 24.82 -90.5 337.6 25.35 0.455 0x0000FF
-95.98 340.88 25.19 -91.96 339.61 24.82 0.455 0x0000FF
-98.35 343.98 26.18 -95.98 340.88 25.19 0.455 0x0000FF
-103.46 347.08 27.09 -98.35 343.98 26.18 0.455 0x0000FF
-120.97 361.29 27.62 -103.46 347.08 27.09 0.455 0x0000FF
-137.76 382.06 28.07 -120.97 361.29 27.62 0.455 0x0000FF
-141.04 387.71 28.98 -137.76 382.06 28.07 0.365 0x0000FF
-143.41 389.71 29.44 -141.04 387.71 28.98 0.365 0x0000FF
-145.79 392.44 30.04 -143.41 389.71 29.44 0.365 0x0000FF
-148.54 393.51 30.88 -145.79 392.44 30.04 0.365 0x0000FF
-92.34 341.95 24.82 -91.96 339.61 24.82 0.455 0x0000FF
-91.8 343.95 24.36 -92.34 341.95 24.82 0.455 0x0000FF
-90.88 347.23 23.6 -91.8 343.95 24.36 0.455 0x0000FF
-88.88 349.6 22.54 -90.88 347.23 23.6 0.455 0x0000FF
-86.14 351.79 21.86 -88.88 349.6 22.54 0.455 0x0000FF
-84.5 353.24 20.65 -86.14 351.79 21.86 0.455 0x0000FF
-83.59 354.34 20.5 -84.5 353.24 20.65 0.455 0x0000FF
-82.31 355.8 19.51 -83.59 354.34 20.5 0.455 0x0000FF
-80.84 357.62 18.45 -82.31 355.8 19.51 0.455 0x0000FF
-78.66 360.9 17.47 -80.84 357.62 18.45 0.455 0x0000FF
-73.92 368.37 16.71 -78.66 360.9 17.47 0.455 0x0000FF
-69.54 373.65 16.03 -73.92 368.37 16.71 0.455 0x0000FF
-60.6 384.77 16.03 -69.54 373.65 16.03 0.455 0x0000FF
-59.14 388.77 16.86 -60.6 384.77 16.03 0.455 0x0000FF
-58.41 398.07 17.32 -59.14 388.77 16.86 0.455 0x0000FF
-59.5 408.63 17.85 -58.41 398.07 17.32 0.455 0x0000FF
-63.7 419.93 18.3 -59.5 408.63 17.85 0.455 0x0000FF
-65.7 426.67 18.76 -63.7 419.93 18.3 0.365 0x0000FF
-64.98 428.31 18.98 -65.7 426.67 18.76 0.365 0x0000FF
