1 10.84
4 22.1233427254
8 79.6680165317
29 67.1018327315
52 56.4004481122
69 9.80865175001
72 15.3035266932
79 105.885130147
95 22.293719904
99 162.821805147
142 100.531681838
154 36.6224703787
163 41.0480156968
176 61.933078972
187 103.916598421
199 134.398850438
220 32.0811736716
227 95.0418326497
240 51.5546497838
256 132.023862572
292 89.2202484216
310 75.8913466093
328 63.612425754
339 87.8629932707
354 17.701405632
360 25.4847354841
374 12.9263126719
375 78.6763254862
393 229.152836884
430 80.0420169715
439 102.839136788
