-1.5 3.5 5.5 -1.93 0.87 0.5 0.15 0x0000FF
-1.5 11.0 8.0 -1.5 3.5 5.5 0.15 0x0000FF
-8.0 20.0 10.0 -1.5 11.0 8.0 0.15 0x0000FF
-10.0 27.0 11.0 -8.0 20.0 10.0 0.15 0x0000FF
-6.0 41.5 11.5 -10.0 27.0 11.0 0.15 0x0000FF
-6.0 52.5 8.5 -6.0 41.5 11.5 0.15 0x0000FF
-13.0 47.0 6.5 -6.0 52.5 8.5 0.15 0x0000FF
-17.0 41.0 2.0 -13.0 47.0 6.5 0.15 0x0000FF
-16.5 36.0 3.0 -17.0 41.0 2.0 0.15 0x0000FF
-15.0 34.0 0.5 -16.5 36.0 3.0 0.15 0x0000FF
-9.0 30.5 -1.5 -15.0 34.0 0.5 0.15 0x0000FF
-1.0 25.5 4.5 -9.0 30.5 -1.5 0.15 0x0000FF
-19.5 33.5 1.5 -16.5 36.0 3.0 0.15 0x0000FF
-29.5 40.5 5.5 -19.5 33.5 1.5 0.15 0x0000FF
-35.0 42.5 8.5 -29.5 40.5 5.5 0.15 0x0000FF
-42.0 43.0 8.5 -35.0 42.5 8.5 0.15 0x0000FF
-56.0 39.0 7.5 -42.0 43.0 8.5 0.15 0x0000FF
-73.5 44.0 9.5 -56.0 39.0 7.5 0.15 0x0000FF
-84.0 46.5 10.0 -73.5 44.0 9.5 0.15 0x0000FF
-105.5 52.5 12.0 -84.0 46.5 10.0 0.15 0x0000FF
4.5 59.5 13.0 -6.0 52.5 8.5 0.15 0x0000FF
16.5 71.5 21.0 4.5 59.5 13.0 0.15 0x0000FF
23.5 80.0 25.0 16.5 71.5 21.0 0.15 0x0000FF
29.0 95.0 31.5 23.5 80.0 25.0 0.15 0x0000FF
31.5 108.5 36.5 29.0 95.0 31.5 0.15 0x0000FF
33.5 127.0 43.0 31.5 108.5 36.5 0.15 0x0000FF
33.5 142.5 46.0 33.5 127.0 43.0 0.15 0x0000FF
33.5 165.0 46.5 33.5 142.5 46.0 0.15 0x0000FF
33.0 172.5 45.0 33.5 165.0 46.5 0.15 0x0000FF
20.0 174.0 44.5 33.0 172.5 45.0 0.15 0x0000FF
13.0 177.0 43.0 20.0 174.0 44.5 0.15 0x0000FF
8.0 176.0 45.5 13.0 177.0 43.0 0.15 0x0000FF
1.0 178.0 48.0 8.0 176.0 45.5 0.15 0x0000FF
-0.5 177.5 48.0 1.0 178.0 48.0 0.15 0x0000FF
-1.0 179.0 51.0 -0.5 177.5 48.0 0.15 0x0000FF
-4.5 182.0 54.0 -1.0 179.0 51.0 0.15 0x0000FF
-5.0 181.0 55.0 -4.5 182.0 54.0 0.15 0x0000FF
-6.0 178.5 57.0 -5.0 181.0 55.0 0.15 0x0000FF
-8.5 176.5 59.5 -6.0 178.5 57.0 0.15 0x0000FF
-8.5 174.0 61.0 -8.5 176.5 59.5 0.15 0x0000FF
-9.5 174.0 61.0 -8.5 174.0 61.0 0.15 0x0000FF
-10.5 170.0 62.5 -9.5 174.0 61.0 0.15 0x0000FF
-12.0 165.5 65.5 -10.5 170.0 62.5 0.15 0x0000FF
-16.5 161.5 68.5 -12.0 165.5 65.5 0.15 0x0000FF
-20.0 161.0 68.5 -16.5 161.5 68.5 0.15 0x0000FF
-23.0 161.5 69.0 -20.0 161.0 68.5 0.15 0x0000FF
-32.5 160.5 73.0 -23.0 161.5 69.0 0.15 0x0000FF
-31.5 162.5 73.0 -32.5 160.5 73.0 0.15 0x0000FF
-32.0 164.0 74.0 -31.5 162.5 73.0 0.15 0x0000FF
-31.5 168.0 72.5 -32.0 164.0 74.0 0.15 0x0000FF
-29.0 168.5 70.0 -31.5 168.0 72.5 0.15 0x0000FF
-33.5 167.5 70.0 -31.5 168.0 72.5 0.15 0x0000FF
-0.5 175.5 50.5 -0.5 177.5 48.0 0.15 0x0000FF
-1.5 173.0 53.5 -0.5 175.5 50.5 0.15 0x0000FF
6.0 174.5 44.0 8.0 176.0 45.5 0.15 0x0000FF
4.0 172.5 45.5 6.0 174.5 44.0 0.15 0x0000FF
22.5 192.0 43.5 20.0 174.0 44.5 0.15 0x0000FF
21.5 200.0 39.5 22.5 192.0 43.5 0.15 0x0000FF
22.0 203.0 39.0 21.5 200.0 39.5 0.15 0x0000FF
22.0 206.0 36.0 22.0 203.0 39.0 0.15 0x0000FF
21.5 208.0 34.0 22.0 206.0 36.0 0.15 0x0000FF
21.0 210.5 33.5 21.5 208.0 34.0 0.15 0x0000FF
20.0 211.0 34.5 21.0 210.5 33.5 0.15 0x0000FF
19.5 213.5 33.5 20.0 211.0 34.5 0.15 0x0000FF
19.5 215.5 36.0 19.5 213.5 33.5 0.15 0x0000FF
17.0 220.0 34.5 19.5 215.5 36.0 0.15 0x0000FF
10.0 228.5 32.5 17.0 220.0 34.5 0.15 0x0000FF
6.5 237.0 31.0 10.0 228.5 32.5 0.15 0x0000FF
8.0 239.5 30.0 6.5 237.0 31.0 0.15 0x0000FF
23.0 211.0 32.5 21.0 210.5 33.5 0.15 0x0000FF
25.5 214.0 30.0 23.0 211.0 32.5 0.15 0x0000FF
25.0 215.0 29.0 25.5 214.0 30.0 0.15 0x0000FF
26.0 215.5 30.5 25.0 215.0 29.0 0.15 0x0000FF
25.5 218.0 30.0 26.0 215.5 30.5 0.15 0x0000FF
28.0 214.0 27.5 25.0 215.0 29.0 0.15 0x0000FF
29.0 216.5 27.5 28.0 214.0 27.5 0.15 0x0000FF
29.5 217.0 27.5 29.0 216.5 27.5 0.15 0x0000FF
29.0 217.0 27.5 29.5 217.0 27.5 0.15 0x0000FF
31.0 216.0 26.0 29.0 217.0 27.5 0.15 0x0000FF
33.0 218.0 24.0 31.0 216.0 26.0 0.15 0x0000FF
34.5 220.5 20.5 33.0 218.0 24.0 0.15 0x0000FF
39.5 220.5 16.5 34.5 220.5 20.5 0.15 0x0000FF
42.5 222.0 15.5 39.5 220.5 16.5 0.15 0x0000FF
41.0 220.5 18.0 42.5 222.0 15.5 0.15 0x0000FF
46.5 219.0 13.0 41.0 220.5 18.0 0.15 0x0000FF
46.5 222.5 11.5 46.5 219.0 13.0 0.15 0x0000FF
49.5 224.0 10.0 46.5 222.5 11.5 0.15 0x0000FF
51.5 223.5 9.0 49.5 224.0 10.0 0.15 0x0000FF
51.5 225.5 8.5 51.5 223.5 9.0 0.15 0x0000FF
56.0 224.5 6.5 51.5 225.5 8.5 0.15 0x0000FF
63.5 221.0 3.5 56.0 224.5 6.5 0.15 0x0000FF
64.5 223.0 2.5 63.5 221.0 3.5 0.15 0x0000FF
66.5 222.5 2.0 64.5 223.0 2.5 0.15 0x0000FF
68.5 222.5 -0.5 66.5 222.5 2.0 0.15 0x0000FF
68.0 223.0 -0.5 68.5 222.5 -0.5 0.15 0x0000FF
65.0 216.0 4.0 63.5 221.0 3.5 0.15 0x0000FF
66.5 215.5 2.5 65.0 216.0 4.0 0.15 0x0000FF
55.5 222.5 6.5 56.0 224.5 6.5 0.15 0x0000FF
55.5 220.0 6.5 55.5 222.5 6.5 0.15 0x0000FF
27.5 220.5 27.5 29.0 217.0 27.5 0.15 0x0000FF
25.5 202.5 39.0 22.0 203.0 39.0 0.15 0x0000FF
42.5 177.0 37.5 33.0 172.5 45.0 0.15 0x0000FF
52.0 184.0 29.5 42.5 177.0 37.5 0.15 0x0000FF
57.5 186.0 25.5 52.0 184.0 29.5 0.15 0x0000FF
61.0 184.5 26.0 57.5 186.0 25.5 0.15 0x0000FF
49.0 182.5 26.0 61.0 184.5 26.0 0.15 0x0000FF
44.0 190.0 25.0 49.0 182.5 26.0 0.15 0x0000FF
35.5 191.5 26.0 44.0 190.0 25.0 0.15 0x0000FF
33.0 191.5 26.0 35.5 191.5 26.0 0.15 0x0000FF
18.0 190.5 33.0 33.0 191.5 26.0 0.15 0x0000FF
10.5 192.5 37.0 18.0 190.5 33.0 0.15 0x0000FF
7.0 189.5 39.5 10.5 192.5 37.0 0.15 0x0000FF
4.0 189.5 40.0 7.0 189.5 39.5 0.15 0x0000FF
2.5 189.5 40.5 4.0 189.5 40.0 0.15 0x0000FF
0.0 192.5 41.0 2.5 189.5 40.5 0.15 0x0000FF
-4.5 197.5 41.0 0.0 192.5 41.0 0.15 0x0000FF
-6.5 201.0 42.0 -4.5 197.5 41.0 0.15 0x0000FF
-12.5 201.5 42.0 -6.5 201.0 42.0 0.15 0x0000FF
-15.5 204.5 42.5 -12.5 201.5 42.0 0.15 0x0000FF
-16.0 207.5 42.5 -15.5 204.5 42.5 0.15 0x0000FF
-18.0 209.0 42.5 -16.0 207.5 42.5 0.15 0x0000FF
-19.5 210.5 42.5 -18.0 209.0 42.5 0.15 0x0000FF
-20.5 211.0 42.5 -19.5 210.5 42.5 0.15 0x0000FF
-22.5 213.0 42.5 -20.5 211.0 42.5 0.15 0x0000FF
-23.0 213.0 42.5 -22.5 213.0 42.5 0.15 0x0000FF
-27.0 214.5 42.5 -23.0 213.0 42.5 0.15 0x0000FF
-33.0 213.0 42.5 -27.0 214.5 42.5 0.15 0x0000FF
-33.5 212.5 42.5 -33.0 213.0 42.5 0.15 0x0000FF
-35.5 211.5 41.5 -33.5 212.5 42.5 0.15 0x0000FF
-37.0 210.5 41.5 -35.5 211.5 41.5 0.15 0x0000FF
-38.0 211.0 45.0 -37.0 210.5 41.5 0.15 0x0000FF
-40.5 208.5 43.5 -38.0 211.0 45.0 0.15 0x0000FF
-49.5 206.5 46.0 -40.5 208.5 43.5 0.15 0x0000FF
-53.5 207.0 46.0 -49.5 206.5 46.0 0.15 0x0000FF
-54.5 207.5 46.0 -53.5 207.0 46.0 0.15 0x0000FF
-52.5 205.0 45.5 -49.5 206.5 46.0 0.15 0x0000FF
-53.0 206.0 46.0 -52.5 205.0 45.5 0.15 0x0000FF
-54.5 205.5 46.0 -53.0 206.0 46.0 0.15 0x0000FF
-36.5 214.0 44.0 -38.0 211.0 45.0 0.15 0x0000FF
-13.5 200.0 45.0 -12.5 201.5 42.0 0.15 0x0000FF
-17.0 200.5 42.0 -13.5 200.0 45.0 0.15 0x0000FF
-19.0 203.0 47.5 -17.0 200.5 42.0 0.15 0x0000FF
-15.5 203.5 51.0 -19.0 203.0 47.5 0.15 0x0000FF
-8.5 213.0 56.0 -15.5 203.5 51.0 0.15 0x0000FF
-5.0 202.5 39.0 -6.5 201.0 42.0 0.15 0x0000FF
-3.0 199.0 41.5 -4.5 197.5 41.0 0.15 0x0000FF
-8.0 187.0 40.0 2.5 189.5 40.5 0.15 0x0000FF
-16.5 185.5 38.0 -8.0 187.0 40.0 0.15 0x0000FF
-19.0 184.5 38.0 -16.5 185.5 38.0 0.15 0x0000FF
-26.0 181.0 38.0 -19.0 184.5 38.0 0.15 0x0000FF
-36.0 181.0 38.5 -26.0 181.0 38.0 0.15 0x0000FF
-39.0 181.0 37.5 -36.0 181.0 38.5 0.15 0x0000FF
-39.5 181.5 37.5 -39.0 181.0 37.5 0.15 0x0000FF
1.0 186.0 40.5 4.0 189.5 40.0 0.15 0x0000FF
-1.0 185.0 39.0 1.0 186.0 40.5 0.15 0x0000FF
-0.5 182.5 39.5 -1.0 185.0 39.0 0.15 0x0000FF
-3.0 180.5 38.0 -0.5 182.5 39.5 0.15 0x0000FF
-9.5 176.0 37.5 -3.0 180.5 38.0 0.15 0x0000FF
-10.0 175.5 38.0 -9.5 176.0 37.5 0.15 0x0000FF
-13.0 172.0 37.5 -10.0 175.5 38.0 0.15 0x0000FF
78.5 184.5 18.5 61.0 184.5 26.0 0.15 0x0000FF
89.0 189.0 13.5 78.5 184.5 18.5 0.15 0x0000FF
99.0 193.0 9.0 89.0 189.0 13.5 0.15 0x0000FF
112.5 197.0 1.5 99.0 193.0 9.0 0.15 0x0000FF
125.5 200.0 -4.5 112.5 197.0 1.5 0.15 0x0000FF
135.0 204.0 -8.0 125.5 200.0 -4.5 0.15 0x0000FF
140.0 204.5 -7.5 135.0 204.0 -8.0 0.15 0x0000FF
145.5 209.5 -6.5 140.0 204.5 -7.5 0.15 0x0000FF
136.0 211.0 -4.5 145.5 209.5 -6.5 0.15 0x0000FF
125.5 211.5 -6.5 136.0 211.0 -4.5 0.15 0x0000FF
120.5 212.0 -7.0 125.5 211.5 -6.5 0.15 0x0000FF
117.0 211.5 -7.0 120.5 212.0 -7.0 0.15 0x0000FF
108.0 213.5 -7.0 117.0 211.5 -7.0 0.15 0x0000FF
103.5 214.0 -7.0 108.0 213.5 -7.0 0.15 0x0000FF
100.5 214.5 -7.0 103.5 214.0 -7.0 0.15 0x0000FF
96.0 215.5 -7.0 100.5 214.5 -7.0 0.15 0x0000FF
94.0 215.5 -7.0 96.0 215.5 -7.0 0.15 0x0000FF
91.0 216.0 -7.0 94.0 215.5 -7.0 0.15 0x0000FF
87.5 218.0 -7.0 91.0 216.0 -7.0 0.15 0x0000FF
82.0 221.0 -7.5 87.5 218.0 -7.0 0.15 0x0000FF
78.5 220.0 -7.5 82.0 221.0 -7.5 0.15 0x0000FF
72.0 219.0 -8.0 78.5 220.0 -7.5 0.15 0x0000FF
62.0 219.0 -8.0 72.0 219.0 -8.0 0.15 0x0000FF
58.0 219.5 -9.0 62.0 219.0 -8.0 0.15 0x0000FF
48.5 221.5 -11.0 58.0 219.5 -9.0 0.15 0x0000FF
43.0 224.0 -11.0 48.5 221.5 -11.0 0.15 0x0000FF
41.5 224.0 -11.0 43.0 224.0 -11.0 0.15 0x0000FF
40.0 223.5 -12.5 41.5 224.0 -11.0 0.15 0x0000FF
34.5 224.0 -13.5 40.0 223.5 -12.5 0.15 0x0000FF
32.5 223.0 -13.5 34.5 224.0 -13.5 0.15 0x0000FF
29.5 223.5 -13.5 32.5 223.0 -13.5 0.15 0x0000FF
24.0 223.0 -16.0 29.5 223.5 -13.5 0.15 0x0000FF
20.0 221.5 -16.5 24.0 223.0 -16.0 0.15 0x0000FF
18.0 220.5 -17.5 20.0 221.5 -16.5 0.15 0x0000FF
14.5 219.5 -19.0 18.0 220.5 -17.5 0.15 0x0000FF
12.5 219.5 -20.0 14.5 219.5 -19.0 0.15 0x0000FF
6.5 220.0 -21.0 12.5 219.5 -20.0 0.15 0x0000FF
1.5 221.5 -22.0 6.5 220.0 -21.0 0.15 0x0000FF
0.0 221.5 -21.0 1.5 221.5 -22.0 0.15 0x0000FF
-8.0 225.0 -22.0 0.0 221.5 -21.0 0.15 0x0000FF
-11.5 226.5 -23.5 -8.0 225.0 -22.0 0.15 0x0000FF
-14.5 229.0 -23.5 -11.5 226.5 -23.5 0.15 0x0000FF
-20.0 231.0 -23.5 -14.5 229.0 -23.5 0.15 0x0000FF
-22.0 231.0 -23.5 -20.0 231.0 -23.5 0.15 0x0000FF
-28.0 233.5 -24.0 -22.0 231.0 -23.5 0.15 0x0000FF
-30.5 233.5 -25.0 -28.0 233.5 -24.0 0.15 0x0000FF
-33.0 233.5 -25.0 -30.5 233.5 -25.0 0.15 0x0000FF
-39.0 235.0 -25.0 -33.0 233.5 -25.0 0.15 0x0000FF
-45.5 235.5 -27.5 -39.0 235.0 -25.0 0.15 0x0000FF
-48.5 235.5 -28.5 -45.5 235.5 -27.5 0.15 0x0000FF
-54.5 236.5 -28.5 -48.5 235.5 -28.5 0.15 0x0000FF
-62.5 237.0 -29.0 -54.5 236.5 -28.5 0.15 0x0000FF
-68.5 238.5 -30.0 -62.5 237.0 -29.0 0.15 0x0000FF
-70.5 238.0 -29.0 -68.5 238.5 -30.0 0.15 0x0000FF
-74.0 239.5 -29.0 -70.5 238.0 -29.0 0.15 0x0000FF
-80.5 239.5 -27.5 -74.0 239.5 -29.0 0.15 0x0000FF
-90.5 241.5 -26.0 -80.5 239.5 -27.5 0.15 0x0000FF
-94.5 242.5 -26.0 -90.5 241.5 -26.0 0.15 0x0000FF
-100.0 242.5 -26.0 -94.5 242.5 -26.0 0.15 0x0000FF
-106.5 242.0 -26.0 -100.0 242.5 -26.0 0.15 0x0000FF
-114.0 240.5 -26.5 -106.5 242.0 -26.0 0.15 0x0000FF
-120.0 239.5 -27.0 -114.0 240.5 -26.5 0.15 0x0000FF
-123.0 239.0 -26.5 -120.0 239.5 -27.0 0.15 0x0000FF
-127.0 240.5 -25.5 -123.0 239.0 -26.5 0.15 0x0000FF
-129.5 241.5 -25.5 -127.0 240.5 -25.5 0.15 0x0000FF
-133.5 241.5 -25.0 -129.5 241.5 -25.5 0.15 0x0000FF
-137.0 240.0 -26.5 -133.5 241.5 -25.0 0.15 0x0000FF
-140.0 240.0 -26.5 -137.0 240.0 -26.5 0.15 0x0000FF
-143.5 240.0 -26.5 -140.0 240.0 -26.5 0.15 0x0000FF
-150.0 238.0 -26.0 -143.5 240.0 -26.5 0.15 0x0000FF
-153.0 237.5 -26.0 -150.0 238.0 -26.0 0.15 0x0000FF
-157.5 238.0 -26.0 -153.0 237.5 -26.0 0.15 0x0000FF
-165.0 238.0 -24.5 -157.5 238.0 -26.0 0.15 0x0000FF
-175.0 237.0 -24.0 -165.0 238.0 -24.5 0.15 0x0000FF
-180.0 236.0 -26.5 -175.0 237.0 -24.0 0.15 0x0000FF
-184.0 236.5 -25.0 -180.0 236.0 -26.5 0.15 0x0000FF
-187.0 235.0 -23.5 -184.0 236.5 -25.0 0.15 0x0000FF
-190.5 234.0 -23.0 -187.0 235.0 -23.5 0.15 0x0000FF
-198.0 235.5 -22.5 -190.5 234.0 -23.0 0.15 0x0000FF
-199.5 237.0 -22.5 -198.0 235.5 -22.5 0.15 0x0000FF
-201.5 236.5 -21.5 -199.5 237.0 -22.5 0.15 0x0000FF
-206.0 238.0 -22.0 -201.5 236.5 -21.5 0.15 0x0000FF
-210.5 240.0 -21.5 -206.0 238.0 -22.0 0.15 0x0000FF
-216.0 240.0 -22.5 -210.5 240.0 -21.5 0.15 0x0000FF
-227.5 240.5 -23.0 -216.0 240.0 -22.5 0.15 0x0000FF
-230.0 240.5 -21.0 -227.5 240.5 -23.0 0.15 0x0000FF
-235.5 241.0 -20.0 -230.0 240.5 -21.0 0.15 0x0000FF
-239.0 241.0 -20.0 -235.5 241.0 -20.0 0.15 0x0000FF
-243.0 240.5 -19.0 -239.0 241.0 -20.0 0.15 0x0000FF
-247.5 238.0 -18.0 -243.0 240.5 -19.0 0.15 0x0000FF
-249.0 236.0 -15.0 -247.5 238.0 -18.0 0.15 0x0000FF
-258.5 234.5 -13.0 -249.0 236.0 -15.0 0.15 0x0000FF
-265.5 230.0 -13.5 -258.5 234.5 -13.0 0.15 0x0000FF
-273.0 226.5 -14.5 -265.5 230.0 -13.5 0.15 0x0000FF
-276.5 223.0 -14.5 -273.0 226.5 -14.5 0.15 0x0000FF
-279.5 220.0 -16.0 -276.5 223.0 -14.5 0.15 0x0000FF
-281.0 219.5 -16.0 -279.5 220.0 -16.0 0.15 0x0000FF
-287.5 217.0 -16.0 -281.0 219.5 -16.0 0.15 0x0000FF
-294.0 209.5 -17.5 -287.5 217.0 -16.0 0.15 0x0000FF
-295.5 206.5 -19.0 -294.0 209.5 -17.5 0.15 0x0000FF
-299.5 201.0 -19.0 -295.5 206.5 -19.0 0.15 0x0000FF
-302.5 197.0 -19.0 -299.5 201.0 -19.0 0.15 0x0000FF
-307.0 194.0 -20.5 -302.5 197.0 -19.0 0.15 0x0000FF
-308.0 190.0 -21.5 -307.0 194.0 -20.5 0.15 0x0000FF
-311.5 181.0 -19.5 -308.0 190.0 -21.5 0.15 0x0000FF
-317.5 173.5 -19.5 -311.5 181.0 -19.5 0.15 0x0000FF
-319.0 173.5 -17.0 -317.5 173.5 -19.5 0.15 0x0000FF
-325.0 171.0 -18.0 -319.0 173.5 -17.0 0.15 0x0000FF
-328.5 167.5 -17.0 -325.0 171.0 -18.0 0.15 0x0000FF
-338.5 153.0 -15.0 -328.5 167.5 -17.0 0.15 0x0000FF
-319.0 171.5 -19.5 -319.0 173.5 -17.0 0.15 0x0000FF
-308.5 173.5 -18.5 -319.0 171.5 -19.5 0.15 0x0000FF
-1.5 224.0 -21.0 0.0 221.5 -21.0 0.15 0x0000FF
87.5 225.5 -6.5 87.5 218.0 -7.0 0.15 0x0000FF
89.5 233.5 -9.0 87.5 225.5 -6.5 0.15 0x0000FF
85.5 229.0 -3.5 89.5 233.5 -9.0 0.15 0x0000FF
84.0 227.0 -3.5 85.5 229.0 -3.5 0.15 0x0000FF
75.0 227.0 1.0 84.0 227.0 -3.5 0.15 0x0000FF
68.5 226.5 4.5 75.0 227.0 1.0 0.15 0x0000FF
64.5 226.5 6.5 68.5 226.5 4.5 0.15 0x0000FF
62.5 225.0 7.5 64.5 226.5 6.5 0.15 0x0000FF
62.0 225.0 7.5 62.5 225.0 7.5 0.15 0x0000FF
59.5 227.0 8.5 62.0 225.0 7.5 0.15 0x0000FF
55.5 228.0 8.5 59.5 227.0 8.5 0.15 0x0000FF
52.5 228.0 11.5 55.5 228.0 8.5 0.15 0x0000FF
51.5 229.5 10.5 52.5 228.0 11.5 0.15 0x0000FF
51.0 227.5 10.5 51.5 229.5 10.5 0.15 0x0000FF
50.5 226.5 10.5 51.0 227.5 10.5 0.15 0x0000FF
56.0 227.0 8.5 55.5 228.0 8.5 0.15 0x0000FF
55.5 224.0 11.0 56.0 227.0 8.5 0.15 0x0000FF
63.5 220.5 7.0 62.0 225.0 7.5 0.15 0x0000FF
66.5 219.5 7.0 63.5 220.5 7.0 0.15 0x0000FF
154.0 211.5 -12.0 145.5 209.5 -6.5 0.15 0x0000FF
163.5 216.0 -18.0 154.0 211.5 -12.0 0.15 0x0000FF
176.0 225.0 -25.5 163.5 216.0 -18.0 0.15 0x0000FF
184.0 228.0 -32.0 176.0 225.0 -25.5 0.15 0x0000FF
180.5 225.0 -32.0 184.0 228.0 -32.0 0.15 0x0000FF
174.5 230.0 -32.0 180.5 225.0 -32.0 0.15 0x0000FF
168.0 235.5 -32.5 174.5 230.0 -32.0 0.15 0x0000FF
160.5 241.0 -36.5 168.0 235.5 -32.5 0.15 0x0000FF
160.5 241.5 -36.5 160.5 241.0 -36.5 0.15 0x0000FF
153.5 244.5 -37.0 160.5 241.5 -36.5 0.15 0x0000FF
153.5 245.0 -37.5 153.5 244.5 -37.0 0.15 0x0000FF
155.5 244.5 -37.0 153.5 245.0 -37.5 0.15 0x0000FF
156.0 246.5 -36.5 160.5 241.5 -36.5 0.15 0x0000FF
201.5 228.0 -35.5 184.0 228.0 -32.0 0.15 0x0000FF
217.5 232.0 -39.5 201.5 228.0 -35.5 0.15 0x0000FF
230.5 234.5 -48.5 217.5 232.0 -39.5 0.15 0x0000FF
239.0 232.5 -54.5 230.5 234.5 -48.5 0.15 0x0000FF
246.0 236.5 -57.5 239.0 232.5 -54.5 0.15 0x0000FF
244.5 242.5 -57.5 246.0 236.5 -57.5 0.15 0x0000FF
247.5 244.0 -61.5 244.5 242.5 -57.5 0.15 0x0000FF
250.0 247.5 -68.5 247.5 244.0 -61.5 0.15 0x0000FF
256.5 252.0 -76.0 250.0 247.5 -68.5 0.15 0x0000FF
256.5 254.5 -82.0 256.5 252.0 -76.0 0.15 0x0000FF
-1.5 3.5 6.5 -1.93 0.87 0.5 0.15 0x0000FF
-2.0 12.0 9.0 -1.5 3.5 6.5 0.15 0x0000FF
-7.5 20.0 9.0 -2.0 12.0 9.0 0.15 0x0000FF
-10.0 27.0 12.0 -7.5 20.0 9.0 0.15 0x0000FF
-7.5 43.5 11.5 -10.0 27.0 12.0 0.15 0x0000FF
-7.0 54.0 10.0 -7.5 43.5 11.5 0.15 0x0000FF
-13.0 52.5 10.0 -7.0 54.0 10.0 0.15 0x0000FF
-16.5 46.0 8.0 -13.0 52.5 10.0 0.15 0x0000FF
-16.0 40.0 10.5 -16.5 46.0 8.0 0.15 0x0000FF
-20.5 39.5 8.5 -16.0 40.0 10.5 0.15 0x0000FF
-26.5 45.5 11.0 -20.5 39.5 8.5 0.15 0x0000FF
-30.0 47.5 12.0 -26.5 45.5 11.0 0.15 0x0000FF
-41.5 49.5 12.0 -30.0 47.5 12.0 0.15 0x0000FF
-54.0 46.0 11.5 -41.5 49.5 12.0 0.15 0x0000FF
-70.0 50.5 13.5 -54.0 46.0 11.5 0.15 0x0000FF
-77.5 52.0 15.5 -70.0 50.5 13.5 0.15 0x0000FF
-82.0 52.5 17.5 -77.5 52.0 15.5 0.15 0x0000FF
-91.5 58.5 21.0 -82.0 52.5 17.5 0.15 0x0000FF
-95.0 59.0 21.0 -91.5 58.5 21.0 0.15 0x0000FF
-101.5 62.5 23.0 -95.0 59.0 21.0 0.15 0x0000FF
-107.0 66.0 24.5 -101.5 62.5 23.0 0.15 0x0000FF
-118.0 71.5 25.5 -107.0 66.0 24.5 0.15 0x0000FF
-124.5 75.5 28.5 -118.0 71.5 25.5 0.15 0x0000FF
-126.0 77.5 27.5 -124.5 75.5 28.5 0.15 0x0000FF
-128.0 82.0 28.5 -126.0 77.5 27.5 0.15 0x0000FF
-130.0 84.0 28.0 -128.0 82.0 28.5 0.15 0x0000FF
-130.5 86.0 28.0 -130.0 84.0 28.0 0.15 0x0000FF
-137.0 92.5 29.5 -130.5 86.0 28.0 0.15 0x0000FF
-140.5 96.0 30.0 -137.0 92.5 29.5 0.15 0x0000FF
-142.5 98.0 30.0 -140.5 96.0 30.0 0.15 0x0000FF
-152.5 108.5 32.0 -142.5 98.0 30.0 0.15 0x0000FF
-153.0 109.0 32.0 -152.5 108.5 32.0 0.15 0x0000FF
-155.0 110.0 32.0 -153.0 109.0 32.0 0.15 0x0000FF
-155.5 111.0 33.0 -155.0 110.0 32.0 0.15 0x0000FF
-156.0 113.0 33.0 -155.5 111.0 33.0 0.15 0x0000FF
-156.0 113.5 33.0 -156.0 113.0 33.0 0.15 0x0000FF
-158.0 117.0 32.5 -156.0 113.5 33.0 0.15 0x0000FF
-164.0 122.0 33.0 -158.0 117.0 32.5 0.15 0x0000FF
-165.0 123.0 34.0 -164.0 122.0 33.0 0.15 0x0000FF
-166.0 125.0 34.5 -165.0 123.0 34.0 0.15 0x0000FF
-166.5 126.5 35.0 -166.0 125.0 34.5 0.15 0x0000FF
-169.0 126.5 36.5 -166.5 126.5 35.0 0.15 0x0000FF
-168.5 128.0 37.0 -169.0 126.5 36.5 0.15 0x0000FF
-169.5 127.0 36.0 -168.5 128.0 37.0 0.15 0x0000FF
-171.0 128.0 35.5 -169.5 127.0 36.0 0.15 0x0000FF
-167.5 128.0 36.5 -168.5 128.0 37.0 0.15 0x0000FF
-166.5 129.0 43.0 -167.5 128.0 36.5 0.15 0x0000FF
-166.5 131.0 43.0 -166.5 129.0 43.0 0.15 0x0000FF
-170.5 135.0 46.5 -166.5 131.0 43.0 0.15 0x0000FF
-178.0 140.5 49.5 -170.5 135.0 46.5 0.15 0x0000FF
-182.0 145.0 50.5 -178.0 140.5 49.5 0.15 0x0000FF
-184.0 150.5 51.5 -182.0 145.0 50.5 0.15 0x0000FF
-185.0 153.0 52.0 -184.0 150.5 51.5 0.15 0x0000FF
-186.0 154.5 51.0 -185.0 153.0 52.0 0.15 0x0000FF
-190.0 165.5 54.0 -186.0 154.5 51.0 0.15 0x0000FF
-197.0 172.5 55.0 -190.0 165.5 54.0 0.15 0x0000FF
-204.5 179.0 56.0 -197.0 172.5 55.0 0.15 0x0000FF
-205.5 182.0 56.5 -204.5 179.0 56.0 0.15 0x0000FF
-215.5 185.5 56.0 -205.5 182.0 56.5 0.15 0x0000FF
-228.5 193.0 58.0 -215.5 185.5 56.0 0.15 0x0000FF
-229.5 193.0 57.5 -228.5 193.0 58.0 0.15 0x0000FF
-234.5 195.5 60.0 -229.5 193.0 57.5 0.15 0x0000FF
-230.5 190.5 57.5 -229.5 193.0 57.5 0.15 0x0000FF
-169.5 127.5 36.5 -169.0 126.5 36.5 0.15 0x0000FF
-173.0 129.5 37.0 -169.5 127.5 36.5 0.15 0x0000FF
-165.0 120.5 33.0 -164.0 122.0 33.0 0.15 0x0000FF
-164.5 118.5 33.0 -165.0 120.5 33.0 0.15 0x0000FF
-165.0 118.0 32.0 -164.5 118.5 33.0 0.15 0x0000FF
-165.5 116.5 32.0 -165.0 118.0 32.0 0.15 0x0000FF
-153.5 113.0 33.0 -156.0 113.5 33.0 0.15 0x0000FF
-156.5 109.5 32.0 -155.0 110.0 32.0 0.15 0x0000FF
-157.0 110.0 32.0 -156.5 109.5 32.0 0.15 0x0000FF
-159.5 110.5 32.0 -157.0 110.0 32.0 0.15 0x0000FF
-161.5 110.5 31.5 -159.5 110.5 32.0 0.15 0x0000FF
-164.5 112.5 32.0 -161.5 110.5 31.5 0.15 0x0000FF
-152.5 110.5 32.5 -153.0 109.0 32.0 0.15 0x0000FF
-153.5 111.5 32.5 -152.5 110.5 32.5 0.15 0x0000FF
-154.0 111.5 32.5 -153.5 111.5 32.5 0.15 0x0000FF
6.5 5.0 2.0 -1.93 0.87 0.5 0.6 0x0000FF
17.5 19.0 2.5 6.5 5.0 2.0 0.3 0x0000FF
17.5 21.5 3.0 17.5 19.0 2.5 0.15 0x0000FF
17.0 24.5 5.5 17.5 21.5 3.0 0.15 0x0000FF
16.5 39.0 8.5 17.0 24.5 5.5 0.15 0x0000FF
17.0 67.0 13.5 16.5 39.0 8.5 0.15 0x0000FF
14.0 93.5 13.5 17.0 67.0 13.5 0.15 0x0000FF
10.0 110.5 12.0 14.0 93.5 13.5 0.15 0x0000FF
5.0 130.5 14.5 10.0 110.5 12.0 0.15 0x0000FF
1.5 145.0 16.5 5.0 130.5 14.5 0.15 0x0000FF
0.5 158.0 18.0 1.5 145.0 16.5 0.15 0x0000FF
-3.5 174.0 21.0 0.5 158.0 18.0 0.15 0x0000FF
-9.0 184.5 22.0 -3.5 174.0 21.0 0.15 0x0000FF
-13.5 192.5 21.5 -9.0 184.5 22.0 0.15 0x0000FF
-13.0 203.5 26.5 -13.5 192.5 21.5 0.15 0x0000FF
-15.5 213.0 30.0 -13.0 203.5 26.5 0.15 0x0000FF
-16.5 222.0 34.5 -15.5 213.0 30.0 0.15 0x0000FF
-15.5 234.0 39.0 -16.5 222.0 34.5 0.15 0x0000FF
-18.0 244.0 41.5 -15.5 234.0 39.0 0.15 0x0000FF
10.0 124.5 12.5 10.0 110.5 12.0 0.15 0x0000FF
7.5 137.5 13.5 10.0 124.5 12.5 0.15 0x0000FF
12.0 159.5 16.5 7.5 137.5 13.5 0.15 0x0000FF
20.0 181.0 15.0 12.0 159.5 16.5 0.15 0x0000FF
22.0 197.5 13.0 20.0 181.0 15.0 0.15 0x0000FF
29.0 206.5 12.0 22.0 197.5 13.0 0.15 0x0000FF
34.5 215.5 15.5 29.0 206.5 12.0 0.15 0x0000FF
25.0 26.0 7.5 17.0 24.5 5.5 0.15 0x0000FF
29.5 26.0 13.0 25.0 26.0 7.5 0.15 0x0000FF
34.0 30.5 18.5 29.5 26.0 13.0 0.15 0x0000FF
40.0 40.5 22.5 34.0 30.5 18.5 0.15 0x0000FF
50.0 54.0 27.5 40.0 40.5 22.5 0.15 0x0000FF
58.5 69.0 31.0 50.0 54.0 27.5 0.15 0x0000FF
68.5 91.5 35.0 58.5 69.0 31.0 0.15 0x0000FF
78.0 105.5 39.0 68.5 91.5 35.0 0.15 0x0000FF
85.5 117.5 42.5 78.0 105.5 39.0 0.15 0x0000FF
94.5 128.0 49.0 85.5 117.5 42.5 0.15 0x0000FF
103.5 139.0 56.0 94.5 128.0 49.0 0.15 0x0000FF
113.0 146.5 60.0 103.5 139.0 56.0 0.15 0x0000FF
124.5 153.0 64.5 113.0 146.5 60.0 0.15 0x0000FF
33.0 37.0 1.5 17.5 21.5 3.0 0.15 0x0000FF
35.5 50.5 0.0 33.0 37.0 1.5 0.15 0x0000FF
33.0 73.0 -6.5 35.5 50.5 0.0 0.15 0x0000FF
32.0 96.5 -12.5 33.0 73.0 -6.5 0.15 0x0000FF
31.0 121.0 -18.0 32.0 96.5 -12.5 0.15 0x0000FF
35.5 136.0 -19.5 31.0 121.0 -18.0 0.15 0x0000FF
42.0 154.0 -22.0 35.5 136.0 -19.5 0.15 0x0000FF
47.0 170.0 -27.5 42.0 154.0 -22.0 0.15 0x0000FF
44.5 175.5 -30.5 47.0 170.0 -27.5 0.15 0x0000FF
43.0 174.0 -37.5 44.5 175.5 -30.5 0.15 0x0000FF
44.5 178.5 -43.5 43.0 174.0 -37.5 0.15 0x0000FF
52.5 182.5 -46.5 44.5 178.5 -43.5 0.15 0x0000FF
61.0 183.0 -49.5 52.5 182.5 -46.5 0.15 0x0000FF
57.0 62.0 3.0 33.0 37.0 1.5 0.15 0x0000FF
67.0 76.5 1.5 57.0 62.0 3.0 0.15 0x0000FF
82.5 99.0 0.0 67.0 76.5 1.5 0.15 0x0000FF
96.0 110.5 3.0 82.5 99.0 0.0 0.15 0x0000FF
101.5 113.5 4.5 96.0 110.5 3.0 0.15 0x0000FF
104.5 123.0 5.5 101.5 113.5 4.5 0.15 0x0000FF
118.5 141.5 6.0 104.5 123.0 5.5 0.15 0x0000FF
125.5 144.5 10.0 118.5 141.5 6.0 0.15 0x0000FF
129.5 143.0 13.0 125.5 144.5 10.0 0.15 0x0000FF
137.0 153.0 17.0 129.5 143.0 13.0 0.15 0x0000FF
143.5 166.5 20.5 137.0 153.0 17.0 0.15 0x0000FF
148.5 184.0 24.0 143.5 166.5 20.5 0.15 0x0000FF
152.5 202.0 29.0 148.5 184.0 24.0 0.15 0x0000FF
115.0 118.0 2.5 101.5 113.5 4.5 0.15 0x0000FF
133.0 122.0 1.5 115.0 118.0 2.5 0.15 0x0000FF
147.5 118.0 -2.5 133.0 122.0 1.5 0.15 0x0000FF
151.5 125.0 -5.0 147.5 118.0 -2.5 0.15 0x0000FF
155.5 132.0 -7.5 151.5 125.0 -5.0 0.15 0x0000FF
157.0 137.5 -8.5 155.5 132.0 -7.5 0.15 0x0000FF
67.0 71.5 7.0 57.0 62.0 3.0 0.15 0x0000FF
73.0 75.0 12.0 67.0 71.5 7.0 0.15 0x0000FF
77.0 81.0 15.0 73.0 75.0 12.0 0.15 0x0000FF
82.0 89.5 18.5 77.0 81.0 15.0 0.15 0x0000FF
87.5 94.0 19.5 82.0 89.5 18.5 0.15 0x0000FF
90.0 101.0 21.0 87.5 94.0 19.5 0.15 0x0000FF
100.5 110.0 25.5 90.0 101.0 21.0 0.15 0x0000FF
113.0 116.0 30.0 100.5 110.0 25.5 0.15 0x0000FF
128.0 132.5 35.0 113.0 116.0 30.0 0.15 0x0000FF
131.0 141.5 36.0 128.0 132.5 35.0 0.15 0x0000FF
140.0 163.5 39.0 131.0 141.5 36.0 0.15 0x0000FF
27.0 15.5 2.5 17.5 19.0 2.5 0.15 0x0000FF
41.0 14.0 5.5 27.0 15.5 2.5 0.15 0x0000FF
45.5 15.0 6.0 41.0 14.0 5.5 0.15 0x0000FF
70.0 23.5 6.5 45.5 15.0 6.0 0.15 0x0000FF
91.0 34.5 5.5 70.0 23.5 6.5 0.15 0x0000FF
106.0 46.5 7.0 91.0 34.5 5.5 0.15 0x0000FF
119.0 57.5 7.5 106.0 46.5 7.0 0.15 0x0000FF
130.0 76.0 9.0 119.0 57.5 7.5 0.15 0x0000FF
142.5 87.0 10.5 130.0 76.0 9.0 0.15 0x0000FF
153.5 116.0 11.5 142.5 87.0 10.5 0.15 0x0000FF
159.0 140.0 12.5 153.5 116.0 11.5 0.15 0x0000FF
162.5 155.0 13.5 159.0 140.0 12.5 0.15 0x0000FF
164.5 165.0 14.5 162.5 155.0 13.5 0.15 0x0000FF
132.0 73.0 10.0 119.0 57.5 7.5 0.15 0x0000FF
139.0 85.5 11.5 132.0 73.0 10.0 0.15 0x0000FF
145.0 95.5 13.0 139.0 85.5 11.5 0.15 0x0000FF
59.5 14.0 11.0 45.5 15.0 6.0 0.15 0x0000FF
69.0 15.0 13.5 59.5 14.0 11.0 0.15 0x0000FF
81.0 10.0 16.5 69.0 15.0 13.5 0.15 0x0000FF
93.0 4.5 22.0 81.0 10.0 16.5 0.15 0x0000FF
108.0 4.5 25.5 93.0 4.5 22.0 0.15 0x0000FF
113.5 3.5 30.5 108.0 4.5 25.5 0.15 0x0000FF
119.0 8.0 35.0 113.5 3.5 30.5 0.15 0x0000FF
120.0 10.0 36.5 119.0 8.0 35.0 0.15 0x0000FF
-0.5 -10.0 2.0 -1.93 0.87 0.5 1.45 0x0000FF
0.5 -32.0 2.0 -0.5 -10.0 2.0 0.85 0x0000FF
3.0 -55.5 1.0 0.5 -32.0 2.0 0.5 0x0000FF
-3.0 -58.0 -7.5 3.0 -55.5 1.0 0.15 0x0000FF
-9.0 -53.5 -17.0 -3.0 -58.0 -7.5 0.15 0x0000FF
-14.5 -54.5 -24.5 -9.0 -53.5 -17.0 0.15 0x0000FF
-11.5 -51.5 -31.5 -14.5 -54.5 -24.5 0.15 0x0000FF
-9.0 -42.0 -38.0 -11.5 -51.5 -31.5 0.15 0x0000FF
-13.0 -36.5 -42.0 -9.0 -42.0 -38.0 0.15 0x0000FF
-18.5 -36.0 -45.5 -13.0 -36.5 -42.0 0.15 0x0000FF
-28.0 -34.5 -51.0 -18.5 -36.0 -45.5 0.15 0x0000FF
-40.0 -28.5 -53.5 -28.0 -34.5 -51.0 0.15 0x0000FF
-55.0 -27.5 -58.0 -40.0 -28.5 -53.5 0.15 0x0000FF
-56.0 -29.5 -65.0 -55.0 -27.5 -58.0 0.15 0x0000FF
5.5 -71.5 1.0 3.0 -55.5 1.0 0.5 0x0000FF
13.5 -85.5 2.5 5.5 -71.5 1.0 0.25 0x0000FF
16.5 -89.0 10.0 13.5 -85.5 2.5 0.15 0x0000FF
20.5 -94.5 19.0 16.5 -89.0 10.0 0.15 0x0000FF
24.5 -101.5 23.0 20.5 -94.5 19.0 0.15 0x0000FF
25.0 -109.0 28.0 24.5 -101.5 23.0 0.15 0x0000FF
27.5 -115.5 32.0 25.0 -109.0 28.0 0.15 0x0000FF
31.0 -117.5 36.0 27.5 -115.5 32.0 0.15 0x0000FF
32.5 -129.0 35.5 31.0 -117.5 36.0 0.15 0x0000FF
34.0 -153.5 36.5 32.5 -129.0 35.5 0.15 0x0000FF
33.0 -163.0 35.5 34.0 -153.5 36.5 0.15 0x0000FF
35.5 -123.5 40.0 31.0 -117.5 36.0 0.15 0x0000FF
40.0 -129.0 43.0 35.5 -123.5 40.0 0.15 0x0000FF
43.0 -133.0 49.0 40.0 -129.0 43.0 0.15 0x0000FF
47.5 -139.5 56.0 43.0 -133.0 49.0 0.15 0x0000FF
53.0 -150.0 62.5 47.5 -139.5 56.0 0.15 0x0000FF
26.5 -103.0 3.5 13.5 -85.5 2.5 0.25 0x0000FF
38.0 -121.0 1.0 26.5 -103.0 3.5 0.25 0x0000FF
52.0 -114.5 1.5 38.0 -121.0 1.0 0.15 0x0000FF
61.5 -107.5 2.0 52.0 -114.5 1.5 0.15 0x0000FF
75.0 -101.5 -0.5 61.5 -107.5 2.0 0.15 0x0000FF
89.5 -99.5 -3.0 75.0 -101.5 -0.5 0.15 0x0000FF
95.0 -101.0 -5.5 89.5 -99.5 -3.0 0.15 0x0000FF
106.5 -105.0 -8.5 95.0 -101.0 -5.5 0.15 0x0000FF
119.0 -111.0 -12.0 106.5 -105.0 -8.5 0.15 0x0000FF
128.0 -117.5 -15.5 119.0 -111.0 -12.0 0.15 0x0000FF
135.0 -126.0 -17.0 128.0 -117.5 -15.5 0.15 0x0000FF
144.5 -129.5 -21.5 135.0 -126.0 -17.0 0.15 0x0000FF
68.0 -114.5 -0.5 52.0 -114.5 1.5 0.15 0x0000FF
76.5 -117.0 -1.0 68.0 -114.5 -0.5 0.15 0x0000FF
93.0 -115.0 -2.5 76.5 -117.0 -1.0 0.15 0x0000FF
114.5 -123.0 -7.5 93.0 -115.0 -2.5 0.15 0x0000FF
123.5 -133.0 -12.0 114.5 -123.0 -7.5 0.15 0x0000FF
127.0 -135.0 -17.0 123.5 -133.0 -12.0 0.15 0x0000FF
44.5 -137.5 0.0 38.0 -121.0 1.0 0.2 0x0000FF
58.5 -125.5 0.0 44.5 -137.5 0.0 0.15 0x0000FF
71.0 -116.0 4.0 58.5 -125.5 0.0 0.15 0x0000FF
79.5 -106.5 6.5 71.0 -116.0 4.0 0.15 0x0000FF
87.0 -84.0 6.5 79.5 -106.5 6.5 0.15 0x0000FF
97.0 -74.0 6.5 87.0 -84.0 6.5 0.15 0x0000FF
105.5 -59.5 6.0 97.0 -74.0 6.5 0.15 0x0000FF
113.5 -51.5 5.0 105.5 -59.5 6.0 0.15 0x0000FF
49.0 -153.5 -2.0 44.5 -137.5 0.0 0.25 0x0000FF
49.0 -155.5 -11.5 49.0 -153.5 -2.0 0.15 0x0000FF
52.5 -161.0 -15.5 49.0 -155.5 -11.5 0.15 0x0000FF
55.0 -168.5 -22.5 52.5 -161.0 -15.5 0.15 0x0000FF
59.5 -177.0 -27.0 55.0 -168.5 -22.5 0.15 0x0000FF
59.0 -187.5 -33.0 59.5 -177.0 -27.0 0.15 0x0000FF
60.5 -198.0 -38.0 59.0 -187.5 -33.0 0.15 0x0000FF
64.5 -214.0 -40.5 60.5 -198.0 -38.0 0.15 0x0000FF
66.5 -229.5 -45.0 64.5 -214.0 -40.5 0.15 0x0000FF
64.5 -240.5 -48.5 66.5 -229.5 -45.0 0.15 0x0000FF
60.0 -249.5 -50.5 64.5 -240.5 -48.5 0.15 0x0000FF
55.5 -178.0 -2.5 49.0 -153.5 -2.0 0.25 0x0000FF
59.0 -186.0 0.5 55.5 -178.0 -2.5 0.15 0x0000FF
65.0 -191.5 4.5 59.0 -186.0 0.5 0.15 0x0000FF
75.0 -201.0 9.0 65.0 -191.5 4.5 0.15 0x0000FF
83.5 -203.5 12.0 75.0 -201.0 9.0 0.15 0x0000FF
87.5 -201.5 15.5 83.5 -203.5 12.0 0.15 0x0000FF
93.5 -204.5 19.5 87.5 -201.5 15.5 0.15 0x0000FF
96.5 -209.5 23.5 93.5 -204.5 19.5 0.15 0x0000FF
93.0 -213.5 29.0 96.5 -209.5 23.5 0.15 0x0000FF
93.0 -213.0 37.0 93.0 -213.5 29.0 0.15 0x0000FF
95.5 -208.0 41.0 93.0 -213.0 37.0 0.15 0x0000FF
96.0 -206.5 43.5 95.5 -208.0 41.0 0.15 0x0000FF
66.0 -207.0 10.0 65.0 -191.5 4.5 0.15 0x0000FF
65.0 -219.0 16.5 66.0 -207.0 10.0 0.15 0x0000FF
63.0 -241.0 20.5 65.0 -219.0 16.5 0.15 0x0000FF
65.0 -258.5 22.5 63.0 -241.0 20.5 0.15 0x0000FF
68.5 -271.5 26.0 65.0 -258.5 22.5 0.15 0x0000FF
71.0 -282.5 24.5 68.5 -271.5 26.0 0.15 0x0000FF
71.0 -293.5 24.0 71.0 -282.5 24.5 0.15 0x0000FF
59.5 -196.5 -4.5 55.5 -178.0 -2.5 0.25 0x0000FF
64.5 -200.0 -0.5 59.5 -196.5 -4.5 0.15 0x0000FF
67.5 -204.5 0.0 64.5 -200.0 -0.5 0.15 0x0000FF
68.0 -215.0 4.0 67.5 -204.5 0.0 0.15 0x0000FF
69.5 -241.5 8.5 68.0 -215.0 4.0 0.15 0x0000FF
72.5 -270.0 10.0 69.5 -241.5 8.5 0.15 0x0000FF
76.0 -289.0 14.0 72.5 -270.0 10.0 0.15 0x0000FF
87.0 -314.0 13.0 76.0 -289.0 14.0 0.15 0x0000FF
66.5 -228.5 -8.5 59.5 -196.5 -4.5 0.2 0x0000FF
68.5 -240.0 -9.5 66.5 -228.5 -8.5 0.2 0x0000FF
61.5 -260.5 -10.0 68.5 -240.0 -9.5 0.15 0x0000FF
57.0 -269.5 -8.5 61.5 -260.5 -10.0 0.15 0x0000FF
54.5 -272.0 -10.5 57.0 -269.5 -8.5 0.15 0x0000FF
55.0 -281.0 -12.5 54.5 -272.0 -10.5 0.15 0x0000FF
48.5 -310.0 -14.0 55.0 -281.0 -12.5 0.15 0x0000FF
48.5 -334.0 -13.0 48.5 -310.0 -14.0 0.15 0x0000FF
41.5 -361.5 -13.5 48.5 -334.0 -13.0 0.15 0x0000FF
36.0 -380.5 -10.5 41.5 -361.5 -13.5 0.15 0x0000FF
32.5 -392.0 -10.0 36.0 -380.5 -10.5 0.15 0x0000FF
40.5 -416.5 -7.5 32.5 -392.0 -10.0 0.15 0x0000FF
36.0 -430.0 -8.0 40.5 -416.5 -7.5 0.15 0x0000FF
54.5 -275.0 -9.5 57.0 -269.5 -8.5 0.15 0x0000FF
54.5 -284.0 -8.0 54.5 -275.0 -9.5 0.15 0x0000FF
52.0 -300.0 -4.5 54.5 -284.0 -8.0 0.15 0x0000FF
49.0 -324.5 -2.0 52.0 -300.0 -4.5 0.15 0x0000FF
44.5 -336.0 -0.5 49.0 -324.5 -2.0 0.15 0x0000FF
43.0 -346.0 1.0 44.5 -336.0 -0.5 0.15 0x0000FF
47.5 -355.0 3.5 43.0 -346.0 1.0 0.15 0x0000FF
51.5 -356.5 5.5 47.5 -355.0 3.5 0.15 0x0000FF
75.0 -272.0 -13.0 68.5 -240.0 -9.5 0.2 0x0000FF
72.0 -285.0 -15.0 75.0 -272.0 -13.0 0.15 0x0000FF
68.0 -305.5 -20.5 72.0 -285.0 -15.0 0.15 0x0000FF
63.0 -318.5 -26.0 68.0 -305.5 -20.5 0.15 0x0000FF
64.5 -329.5 -31.5 63.0 -318.5 -26.0 0.15 0x0000FF
68.5 -347.0 -37.5 64.5 -329.5 -31.5 0.15 0x0000FF
68.5 -360.5 -42.5 68.5 -347.0 -37.5 0.15 0x0000FF
62.5 -379.0 -46.5 68.5 -360.5 -42.5 0.15 0x0000FF
58.0 -396.0 -50.5 62.5 -379.0 -46.5 0.15 0x0000FF
59.5 -402.5 -55.0 58.0 -396.0 -50.5 0.15 0x0000FF
82.5 -304.0 -15.5 75.0 -272.0 -13.0 0.2 0x0000FF
86.0 -338.0 -18.5 82.5 -304.0 -15.5 0.2 0x0000FF
86.5 -359.5 -19.5 86.0 -338.0 -18.5 0.2 0x0000FF
95.5 -373.0 -14.0 86.5 -359.5 -19.5 0.15 0x0000FF
105.0 -383.5 -11.5 95.5 -373.0 -14.0 0.15 0x0000FF
113.0 -388.5 -9.5 105.0 -383.5 -11.5 0.15 0x0000FF
126.0 -411.5 -8.5 113.0 -388.5 -9.5 0.15 0x0000FF
139.0 -434.5 -9.5 126.0 -411.5 -8.5 0.15 0x0000FF
145.5 -446.0 -8.0 139.0 -434.5 -9.5 0.15 0x0000FF
158.0 -455.0 -8.5 145.5 -446.0 -8.0 0.15 0x0000FF
87.0 -381.0 -21.0 86.5 -359.5 -19.5 0.2 0x0000FF
94.0 -390.0 -26.0 87.0 -381.0 -21.0 0.15 0x0000FF
100.5 -404.5 -30.5 94.0 -390.0 -26.0 0.15 0x0000FF
106.5 -430.0 -36.5 100.5 -404.5 -30.5 0.15 0x0000FF
106.5 -446.0 -41.0 106.5 -430.0 -36.5 0.15 0x0000FF
106.5 -453.5 -42.5 106.5 -446.0 -41.0 0.15 0x0000FF
115.5 -466.0 -45.0 106.5 -453.5 -42.5 0.15 0x0000FF
120.5 -471.5 -46.5 115.5 -466.0 -45.0 0.15 0x0000FF
89.5 -406.0 -22.0 87.0 -381.0 -21.0 0.2 0x0000FF
96.5 -431.0 -24.0 89.5 -406.0 -22.0 0.2 0x0000FF
110.5 -453.0 -25.0 96.5 -431.0 -24.0 0.2 0x0000FF
122.0 -475.5 -25.0 110.5 -453.0 -25.0 0.2 0x0000FF
126.5 -501.5 -25.5 122.0 -475.5 -25.0 0.2 0x0000FF
131.5 -521.0 -28.5 126.5 -501.5 -25.5 0.2 0x0000FF
136.0 -538.0 -22.5 131.5 -521.0 -28.5 0.15 0x0000FF
137.0 -554.0 -15.0 136.0 -538.0 -22.5 0.15 0x0000FF
133.0 -568.5 -8.5 137.0 -554.0 -15.0 0.15 0x0000FF
126.5 -581.0 -4.5 133.0 -568.5 -8.5 0.15 0x0000FF
120.5 -595.5 -2.0 126.5 -581.0 -4.5 0.15 0x0000FF
112.0 -608.0 2.0 120.5 -595.5 -2.0 0.15 0x0000FF
101.5 -623.5 5.0 112.0 -608.0 2.0 0.15 0x0000FF
96.0 -630.0 6.0 101.5 -623.5 5.0 0.15 0x0000FF
146.0 -541.0 -36.5 131.5 -521.0 -28.5 0.2 0x0000FF
155.5 -555.0 -43.0 146.0 -541.0 -36.5 0.2 0x0000FF
170.0 -568.0 -47.0 155.5 -555.0 -43.0 0.2 0x0000FF
181.5 -581.0 -52.5 170.0 -568.0 -47.0 0.2 0x0000FF
185.5 -587.0 -57.0 181.5 -581.0 -52.5 0.2 0x0000FF
194.0 -599.0 -60.5 185.5 -587.0 -57.0 0.15 0x0000FF
197.0 -607.5 -59.5 194.0 -599.0 -60.5 0.15 0x0000FF
212.0 -618.5 -59.0 197.0 -607.5 -59.5 0.15 0x0000FF
236.0 -638.0 -55.5 212.0 -618.5 -59.0 0.15 0x0000FF
252.0 -651.5 -49.5 236.0 -638.0 -55.5 0.15 0x0000FF
264.0 -652.5 -44.0 252.0 -651.5 -49.5 0.15 0x0000FF
278.5 -650.5 -40.0 264.0 -652.5 -44.0 0.15 0x0000FF
194.0 -620.0 -57.0 197.0 -607.5 -59.5 0.15 0x0000FF
195.5 -628.0 -55.5 194.0 -620.0 -57.0 0.15 0x0000FF
203.5 -637.5 -52.5 195.5 -628.0 -55.5 0.15 0x0000FF
210.5 -648.5 -48.5 203.5 -637.5 -52.5 0.15 0x0000FF
212.5 -654.5 -45.0 210.5 -648.5 -48.5 0.15 0x0000FF
224.0 -662.5 -44.0 212.5 -654.5 -45.0 0.15 0x0000FF
232.0 -675.5 -40.0 224.0 -662.5 -44.0 0.15 0x0000FF
244.5 -689.0 -39.0 232.0 -675.5 -40.0 0.15 0x0000FF
255.0 -696.0 -47.0 244.5 -689.0 -39.0 0.15 0x0000FF
268.5 -709.5 -53.5 255.0 -696.0 -47.0 0.15 0x0000FF
283.5 -723.5 -60.5 268.5 -709.5 -53.5 0.15 0x0000FF
210.5 -663.5 -40.5 212.5 -654.5 -45.0 0.15 0x0000FF
206.0 -668.5 -36.0 210.5 -663.5 -40.5 0.15 0x0000FF
197.0 -675.0 -28.0 206.0 -668.5 -36.0 0.15 0x0000FF
187.0 -679.5 -21.0 197.0 -675.0 -28.0 0.15 0x0000FF
171.0 -676.5 -22.5 187.0 -679.5 -21.0 0.15 0x0000FF
153.0 -672.5 -19.0 171.0 -676.5 -22.5 0.15 0x0000FF
130.0 -663.5 -14.5 153.0 -672.5 -19.0 0.15 0x0000FF
106.0 -644.0 -6.5 130.0 -663.5 -14.5 0.15 0x0000FF
174.0 -592.0 -68.5 185.5 -587.0 -57.0 0.15 0x0000FF
168.5 -596.5 -73.5 174.0 -592.0 -68.5 0.15 0x0000FF
162.5 -603.0 -80.5 168.5 -596.5 -73.5 0.15 0x0000FF
157.0 -606.5 -88.0 162.5 -603.0 -80.5 0.15 0x0000FF
155.0 -609.5 -90.0 157.0 -606.5 -88.0 0.15 0x0000FF
157.0 -620.0 -92.5 155.0 -609.5 -90.0 0.15 0x0000FF
156.5 -633.5 -96.0 157.0 -620.0 -92.5 0.15 0x0000FF
154.5 -647.5 -100.0 156.5 -633.5 -96.0 0.15 0x0000FF
154.5 -656.5 -100.5 154.5 -647.5 -100.0 0.15 0x0000FF
148.0 -664.0 -102.5 154.5 -656.5 -100.5 0.15 0x0000FF
147.5 -670.0 -109.5 148.0 -664.0 -102.5 0.15 0x0000FF
144.5 -615.0 -93.0 155.0 -609.5 -90.0 0.15 0x0000FF
124.5 -624.5 -95.5 144.5 -615.0 -93.0 0.15 0x0000FF
104.0 -633.5 -100.0 124.5 -624.5 -95.5 0.15 0x0000FF
85.0 -641.0 -100.5 104.0 -633.5 -100.0 0.15 0x0000FF
79.5 -641.5 -100.0 85.0 -641.0 -100.5 0.15 0x0000FF
66.0 -635.5 -100.5 79.5 -641.5 -100.0 0.15 0x0000FF
55.5 -632.0 -105.5 66.0 -635.5 -100.5 0.15 0x0000FF
3.0 -84.0 0.5 5.5 -71.5 1.0 0.3 0x0000FF
0.5 -94.0 -1.0 3.0 -84.0 0.5 0.3 0x0000FF
-12.5 -106.5 -5.0 0.5 -94.0 -1.0 0.15 0x0000FF
-24.0 -120.5 -8.0 -12.5 -106.5 -5.0 0.15 0x0000FF
-38.0 -134.0 -11.0 -24.0 -120.5 -8.0 0.15 0x0000FF
-48.0 -148.0 -13.5 -38.0 -134.0 -11.0 0.15 0x0000FF
-57.0 -161.5 -13.0 -48.0 -148.0 -13.5 0.15 0x0000FF
-72.5 -185.5 -14.5 -57.0 -161.5 -13.0 0.15 0x0000FF
-78.5 -212.0 -17.0 -72.5 -185.5 -14.5 0.15 0x0000FF
-87.5 -238.0 -20.5 -78.5 -212.0 -17.0 0.15 0x0000FF
-94.5 -261.0 -24.0 -87.5 -238.0 -20.5 0.15 0x0000FF
-1.5 -103.0 -2.0 0.5 -94.0 -1.0 0.3 0x0000FF
-3.5 -108.0 -2.5 -1.5 -103.0 -2.0 0.15 0x0000FF
-7.5 -109.5 -2.5 -3.5 -108.0 -2.5 0.15 0x0000FF
-16.0 -111.0 0.5 -7.5 -109.5 -2.5 0.15 0x0000FF
-18.0 -111.5 2.0 -16.0 -111.0 0.5 0.15 0x0000FF
-26.5 -120.0 2.5 -18.0 -111.5 2.0 0.15 0x0000FF
-29.0 -129.0 6.5 -26.5 -120.0 2.5 0.15 0x0000FF
-33.5 -138.5 10.5 -29.0 -129.0 6.5 0.15 0x0000FF
-36.0 -148.5 13.0 -33.5 -138.5 10.5 0.15 0x0000FF
-40.5 -165.5 17.0 -36.0 -148.5 13.0 0.15 0x0000FF
-54.5 -175.5 18.0 -40.5 -165.5 17.0 0.15 0x0000FF
-59.5 -191.5 14.5 -54.5 -175.5 18.0 0.15 0x0000FF
-58.5 -208.5 11.0 -59.5 -191.5 14.5 0.15 0x0000FF
-20.0 -117.5 5.5 -18.0 -111.5 2.0 0.15 0x0000FF
-17.5 -129.0 10.0 -20.0 -117.5 5.5 0.15 0x0000FF
-18.5 -143.0 15.0 -17.5 -129.0 10.0 0.15 0x0000FF
-19.0 -157.5 19.5 -18.5 -143.0 15.0 0.15 0x0000FF
-19.0 -170.0 27.0 -19.0 -157.5 19.5 0.15 0x0000FF
-20.0 -190.0 33.0 -19.0 -170.0 27.0 0.15 0x0000FF
-19.5 -219.5 37.0 -20.0 -190.0 33.0 0.15 0x0000FF
-20.0 -245.0 44.0 -19.5 -219.5 37.0 0.15 0x0000FF
-24.5 -267.0 43.5 -20.0 -245.0 44.0 0.15 0x0000FF
-19.5 -115.5 -3.5 -7.5 -109.5 -2.5 0.15 0x0000FF
-30.0 -115.5 -2.5 -19.5 -115.5 -3.5 0.15 0x0000FF
-43.0 -111.0 -2.0 -30.0 -115.5 -2.5 0.15 0x0000FF
-57.0 -100.5 -1.0 -43.0 -111.0 -2.0 0.15 0x0000FF
-78.0 -94.0 -2.5 -57.0 -100.5 -1.0 0.15 0x0000FF
-92.0 -92.0 -3.5 -78.0 -94.0 -2.5 0.15 0x0000FF
-103.0 -82.0 -8.0 -92.0 -92.0 -3.5 0.15 0x0000FF
-99.0 -75.5 -10.5 -103.0 -82.0 -8.0 0.15 0x0000FF
-58.0 -111.5 0.5 -43.0 -111.0 -2.0 0.15 0x0000FF
-69.5 -113.5 2.5 -58.0 -111.5 0.5 0.15 0x0000FF
-74.0 -114.0 2.5 -69.5 -113.5 2.5 0.15 0x0000FF
-43.5 -116.5 -1.5 -30.0 -115.5 -2.5 0.15 0x0000FF
-59.5 -125.5 -0.5 -43.5 -116.5 -1.5 0.15 0x0000FF
-72.0 -134.5 4.5 -59.5 -125.5 -0.5 0.15 0x0000FF
-79.5 -144.0 5.5 -72.0 -134.5 4.5 0.15 0x0000FF
-82.5 -151.0 8.0 -79.5 -144.0 5.5 0.15 0x0000FF
-80.0 -157.5 9.0 -82.5 -151.0 8.0 0.15 0x0000FF
-6.0 -123.5 -1.5 -3.5 -108.0 -2.5 0.15 0x0000FF
-3.0 -138.0 0.0 -6.0 -123.5 -1.5 0.15 0x0000FF
1.5 -162.0 2.0 -3.0 -138.0 0.0 0.15 0x0000FF
4.5 -178.5 3.0 1.5 -162.0 2.0 0.15 0x0000FF
4.5 -188.0 4.0 4.5 -178.5 3.0 0.15 0x0000FF
1.5 -198.0 5.5 4.5 -188.0 4.0 0.15 0x0000FF
2.0 -208.0 8.5 1.5 -198.0 5.5 0.15 0x0000FF
2.5 -225.0 13.5 2.0 -208.0 8.5 0.15 0x0000FF
3.0 -245.5 16.5 2.5 -225.0 13.5 0.15 0x0000FF
3.0 -261.5 18.0 3.0 -245.5 16.5 0.15 0x0000FF
0.0 -277.5 20.5 3.0 -261.5 18.0 0.15 0x0000FF
-6.0 -307.0 23.5 0.0 -277.5 20.5 0.15 0x0000FF
-9.0 -324.5 29.5 -6.0 -307.0 23.5 0.15 0x0000FF
6.0 -212.5 4.5 4.5 -188.0 4.0 0.15 0x0000FF
4.5 -238.0 3.5 6.0 -212.5 4.5 0.15 0x0000FF
4.5 -256.0 4.0 4.5 -238.0 3.5 0.15 0x0000FF
-1.5 -119.0 -3.5 -1.5 -103.0 -2.0 0.2 0x0000FF
-3.0 -140.5 -4.5 -1.5 -119.0 -3.5 0.2 0x0000FF
-14.5 -158.5 -7.0 -3.0 -140.5 -4.5 0.15 0x0000FF
-26.0 -180.0 -11.0 -14.5 -158.5 -7.0 0.15 0x0000FF
-42.5 -206.5 -15.0 -26.0 -180.0 -11.0 0.15 0x0000FF
-52.5 -225.5 -20.0 -42.5 -206.5 -15.0 0.15 0x0000FF
-62.5 -250.5 -27.5 -52.5 -225.5 -20.0 0.15 0x0000FF
-65.5 -269.0 -34.0 -62.5 -250.5 -27.5 0.15 0x0000FF
-67.5 -276.0 -38.0 -65.5 -269.0 -34.0 0.15 0x0000FF
-71.0 -279.0 -44.5 -67.5 -276.0 -38.0 0.15 0x0000FF
-76.5 -281.5 -49.0 -71.0 -279.0 -44.5 0.15 0x0000FF
-83.5 -291.0 -54.5 -76.5 -281.5 -49.0 0.15 0x0000FF
-92.0 -300.0 -60.0 -83.5 -291.0 -54.5 0.15 0x0000FF
-96.0 -316.0 -64.0 -92.0 -300.0 -60.0 0.15 0x0000FF
-5.5 -179.5 -3.5 -3.0 -140.5 -4.5 0.2 0x0000FF
0.0 -184.0 2.0 -5.5 -179.5 -3.5 0.15 0x0000FF
10.0 -186.5 7.5 0.0 -184.0 2.0 0.15 0x0000FF
19.0 -177.5 13.0 10.0 -186.5 7.5 0.15 0x0000FF
27.5 -172.0 17.5 19.0 -177.5 13.0 0.15 0x0000FF
33.5 -161.5 23.0 27.5 -172.0 17.5 0.15 0x0000FF
37.0 -141.0 26.5 33.5 -161.5 23.0 0.15 0x0000FF
-6.5 -193.0 -3.5 -5.5 -179.5 -3.5 0.2 0x0000FF
-18.5 -202.5 -4.0 -6.5 -193.0 -3.5 0.15 0x0000FF
-34.0 -222.5 -10.0 -18.5 -202.5 -4.0 0.15 0x0000FF
-49.5 -245.0 -16.5 -34.0 -222.5 -10.0 0.15 0x0000FF
-59.0 -261.5 -17.5 -49.5 -245.0 -16.5 0.15 0x0000FF
-64.5 -286.0 -17.5 -59.0 -261.5 -17.5 0.15 0x0000FF
-72.0 -309.5 -19.5 -64.5 -286.0 -17.5 0.15 0x0000FF
-78.5 -318.0 -23.0 -72.0 -309.5 -19.5 0.15 0x0000FF
-93.5 -319.5 -26.0 -78.5 -318.0 -23.0 0.15 0x0000FF
-6.5 -201.0 -4.5 -6.5 -193.0 -3.5 0.2 0x0000FF
-1.5 -219.5 -6.5 -6.5 -201.0 -4.5 0.15 0x0000FF
1.0 -235.5 -8.5 -1.5 -219.5 -6.5 0.15 0x0000FF
0.0 -246.0 -12.0 1.0 -235.5 -8.5 0.15 0x0000FF
-3.0 -263.5 -18.5 0.0 -246.0 -12.0 0.15 0x0000FF
-4.5 -283.5 -23.5 -3.0 -263.5 -18.5 0.15 0x0000FF
-4.5 -306.0 -26.5 -4.5 -283.5 -23.5 0.15 0x0000FF
-3.5 -329.5 -24.5 -4.5 -306.0 -26.5 0.15 0x0000FF
0.0 -354.5 -26.5 -3.5 -329.5 -24.5 0.15 0x0000FF
3.0 -373.0 -28.0 0.0 -354.5 -26.5 0.15 0x0000FF
11.0 -388.5 -30.5 3.0 -373.0 -28.0 0.15 0x0000FF
14.0 -406.5 -30.0 11.0 -388.5 -30.5 0.15 0x0000FF
2.0 -238.5 -8.5 1.0 -235.5 -8.5 0.15 0x0000FF
1.5 -247.0 -9.0 2.0 -238.5 -8.5 0.15 0x0000FF
6.5 -263.0 -12.0 1.5 -247.0 -9.0 0.15 0x0000FF
9.5 -289.0 -14.0 6.5 -263.0 -12.0 0.15 0x0000FF
12.5 -310.0 -16.5 9.5 -289.0 -14.0 0.15 0x0000FF
17.0 -331.5 -19.5 12.5 -310.0 -16.5 0.15 0x0000FF
17.5 -351.5 -24.0 17.0 -331.5 -19.5 0.15 0x0000FF
20.0 -375.0 -30.5 17.5 -351.5 -24.0 0.15 0x0000FF
20.5 -390.5 -34.0 20.0 -375.0 -30.5 0.15 0x0000FF
19.5 -409.5 -36.5 20.5 -390.5 -34.0 0.15 0x0000FF
21.0 -425.5 -41.5 19.5 -409.5 -36.5 0.15 0x0000FF
23.5 -436.0 -43.0 21.0 -425.5 -41.5 0.15 0x0000FF
5.5 -251.0 -8.0 2.0 -238.5 -8.5 0.15 0x0000FF
12.5 -262.5 -5.5 5.5 -251.0 -8.0 0.15 0x0000FF
23.0 -284.0 -5.5 12.5 -262.5 -5.5 0.15 0x0000FF
31.0 -312.0 -9.5 23.0 -284.0 -5.5 0.15 0x0000FF
41.0 -343.5 -12.0 31.0 -312.0 -9.5 0.15 0x0000FF
52.0 -376.5 -14.0 41.0 -343.5 -12.0 0.15 0x0000FF
55.5 -398.5 -17.5 52.0 -376.5 -14.0 0.15 0x0000FF
-7.5 -220.0 -5.0 -6.5 -201.0 -4.5 0.2 0x0000FF
-11.5 -229.0 -9.0 -7.5 -220.0 -5.0 0.15 0x0000FF
-15.0 -246.5 -14.0 -11.5 -229.0 -9.0 0.15 0x0000FF
-19.0 -264.5 -19.0 -15.0 -246.5 -14.0 0.15 0x0000FF
-22.5 -285.0 -27.0 -19.0 -264.5 -19.0 0.15 0x0000FF
-24.0 -290.0 -30.0 -22.5 -285.0 -27.0 0.15 0x0000FF
-18.5 -303.0 -34.5 -24.0 -290.0 -30.0 0.15 0x0000FF
-18.5 -324.0 -41.5 -18.5 -303.0 -34.5 0.15 0x0000FF
-21.5 -335.0 -47.5 -18.5 -324.0 -41.5 0.15 0x0000FF
-24.0 -347.0 -53.0 -21.5 -335.0 -47.5 0.15 0x0000FF
-24.5 -358.0 -59.0 -24.0 -347.0 -53.0 0.15 0x0000FF
-27.5 -369.5 -65.0 -24.5 -358.0 -59.0 0.15 0x0000FF
-29.0 -381.0 -68.5 -27.5 -369.5 -65.0 0.15 0x0000FF
-8.5 -235.0 -5.0 -7.5 -220.0 -5.0 0.2 0x0000FF
-8.0 -236.0 -5.0 -8.5 -235.0 -5.0 0.15 0x0000FF
1.5 -226.5 -5.0 -8.0 -236.0 -5.0 0.15 0x0000FF
6.5 -217.5 -7.5 1.5 -226.5 -5.0 0.15 0x0000FF
12.5 -207.0 -9.0 6.5 -217.5 -7.5 0.15 0x0000FF
15.5 -198.0 -12.5 12.5 -207.0 -9.0 0.15 0x0000FF
21.0 -189.0 -16.0 15.5 -198.0 -12.5 0.15 0x0000FF
32.5 -183.5 -21.5 21.0 -189.0 -16.0 0.15 0x0000FF
-5.0 -239.0 -9.5 -8.0 -236.0 -5.0 0.15 0x0000FF
-6.0 -240.0 -19.5 -5.0 -239.0 -9.5 0.15 0x0000FF
-4.5 -241.0 -29.0 -6.0 -240.0 -19.5 0.15 0x0000FF
-3.0 -244.5 -34.5 -4.5 -241.0 -29.0 0.15 0x0000FF
-1.0 -253.0 -39.5 -3.0 -244.5 -34.5 0.15 0x0000FF
4.0 -257.0 -47.5 -1.0 -253.0 -39.5 0.15 0x0000FF
1.0 -264.5 -55.5 4.0 -257.0 -47.5 0.15 0x0000FF
-1.0 -280.5 -63.0 1.0 -264.5 -55.5 0.15 0x0000FF
-2.5 -292.0 -69.5 -1.0 -280.5 -63.0 0.15 0x0000FF
-6.5 -309.5 -77.0 -2.5 -292.0 -69.5 0.15 0x0000FF
-10.5 -323.5 -85.5 -6.5 -309.5 -77.0 0.15 0x0000FF
-14.0 -331.0 -94.5 -10.5 -323.5 -85.5 0.15 0x0000FF
-12.5 -269.0 -6.0 -8.5 -235.0 -5.0 0.2 0x0000FF
-6.5 -277.5 -7.5 -12.5 -269.0 -6.0 0.15 0x0000FF
-2.5 -287.0 -10.5 -6.5 -277.5 -7.5 0.15 0x0000FF
-6.0 -295.5 -15.5 -2.5 -287.0 -10.5 0.15 0x0000FF
-7.0 -312.0 -21.5 -6.0 -295.5 -15.5 0.15 0x0000FF
-10.5 -330.0 -28.0 -7.0 -312.0 -21.5 0.15 0x0000FF
-13.0 -351.5 -35.0 -10.5 -330.0 -28.0 0.15 0x0000FF
-13.0 -361.5 -40.0 -13.0 -351.5 -35.0 0.15 0x0000FF
-7.5 -364.0 -43.0 -13.0 -361.5 -40.0 0.15 0x0000FF
-7.5 -364.0 -45.0 -7.5 -364.0 -43.0 0.15 0x0000FF
1.0 -302.0 -14.5 -2.5 -287.0 -10.5 0.15 0x0000FF
5.5 -314.5 -19.0 1.0 -302.0 -14.5 0.15 0x0000FF
12.0 -327.0 -23.0 5.5 -314.5 -19.0 0.15 0x0000FF
18.0 -337.0 -26.5 12.0 -327.0 -23.0 0.15 0x0000FF
25.0 -353.5 -32.0 18.0 -337.0 -26.5 0.15 0x0000FF
33.0 -363.0 -35.5 25.0 -353.5 -32.0 0.15 0x0000FF
35.0 -374.0 -39.0 33.0 -363.0 -35.5 0.15 0x0000FF
26.5 -389.5 -37.0 35.0 -374.0 -39.0 0.15 0x0000FF
24.0 -403.5 -34.0 26.5 -389.5 -37.0 0.15 0x0000FF
-14.5 -286.0 -6.5 -12.5 -269.0 -6.0 0.2 0x0000FF
-17.0 -296.0 -10.5 -14.5 -286.0 -6.5 0.15 0x0000FF
-22.5 -308.5 -13.0 -17.0 -296.0 -10.5 0.15 0x0000FF
-32.5 -331.0 -20.5 -22.5 -308.5 -13.0 0.15 0x0000FF
-38.0 -339.0 -28.5 -32.5 -331.0 -20.5 0.15 0x0000FF
-38.0 -352.0 -35.5 -38.0 -339.0 -28.5 0.15 0x0000FF
-42.0 -355.0 -40.0 -38.0 -352.0 -35.5 0.15 0x0000FF
-53.0 -369.0 -45.5 -42.0 -355.0 -40.0 0.15 0x0000FF
-59.5 -378.5 -51.0 -53.0 -369.0 -45.5 0.15 0x0000FF
-66.0 -393.5 -57.5 -59.5 -378.5 -51.0 0.15 0x0000FF
-66.0 -409.5 -62.0 -66.0 -393.5 -57.5 0.15 0x0000FF
-62.5 -419.5 -67.5 -66.0 -409.5 -62.0 0.15 0x0000FF
-12.0 -302.0 -14.0 -17.0 -296.0 -10.5 0.15 0x0000FF
-9.0 -313.5 -18.0 -12.0 -302.0 -14.0 0.15 0x0000FF
-4.5 -320.5 -23.0 -9.0 -313.5 -18.0 0.15 0x0000FF
0.5 -334.0 -29.5 -4.5 -320.5 -23.0 0.15 0x0000FF
2.5 -347.0 -35.0 0.5 -334.0 -29.5 0.15 0x0000FF
2.0 -373.5 -41.5 2.5 -347.0 -35.0 0.15 0x0000FF
7.0 -384.0 -47.5 2.0 -373.5 -41.5 0.15 0x0000FF
9.5 -392.5 -52.5 7.0 -384.0 -47.5 0.15 0x0000FF
11.5 -398.5 -56.5 9.5 -392.5 -52.5 0.15 0x0000FF
12.0 -404.5 -61.5 11.5 -398.5 -56.5 0.15 0x0000FF
-21.0 -328.0 -5.5 -14.5 -286.0 -6.5 0.2 0x0000FF
-26.0 -337.5 -7.5 -21.0 -328.0 -5.5 0.15 0x0000FF
-33.5 -350.0 -12.0 -26.0 -337.5 -7.5 0.15 0x0000FF
-40.5 -362.5 -17.5 -33.5 -350.0 -12.0 0.15 0x0000FF
-47.0 -376.0 -21.5 -40.5 -362.5 -17.5 0.15 0x0000FF
-57.5 -390.5 -26.0 -47.0 -376.0 -21.5 0.15 0x0000FF
-68.0 -402.0 -31.0 -57.5 -390.5 -26.0 0.15 0x0000FF
-82.5 -415.5 -32.5 -68.0 -402.0 -31.0 0.15 0x0000FF
-93.0 -425.5 -37.0 -82.5 -415.5 -32.5 0.15 0x0000FF
-97.5 -432.0 -41.5 -93.0 -425.5 -37.0 0.15 0x0000FF
-101.5 -439.0 -45.5 -97.5 -432.0 -41.5 0.15 0x0000FF
-105.5 -450.5 -51.5 -101.5 -439.0 -45.5 0.15 0x0000FF
-108.5 -460.5 -58.0 -105.5 -450.5 -51.5 0.15 0x0000FF
-111.5 -460.0 -63.0 -108.5 -460.5 -58.0 0.15 0x0000FF
-19.5 -356.5 -5.0 -21.0 -328.0 -5.5 0.2 0x0000FF
-22.5 -360.5 -0.5 -19.5 -356.5 -5.0 0.15 0x0000FF
-28.0 -357.5 -1.5 -22.5 -360.5 -0.5 0.15 0x0000FF
-36.0 -354.5 -3.0 -28.0 -357.5 -1.5 0.15 0x0000FF
-47.0 -359.5 -1.0 -36.0 -354.5 -3.0 0.15 0x0000FF
-61.5 -367.0 2.5 -47.0 -359.5 -1.0 0.15 0x0000FF
-76.0 -379.0 5.5 -61.5 -367.0 2.5 0.15 0x0000FF
-86.0 -385.5 4.0 -76.0 -379.0 5.5 0.15 0x0000FF
-95.5 -401.0 4.0 -86.0 -385.5 4.0 0.15 0x0000FF
-104.0 -406.0 5.0 -95.5 -401.0 4.0 0.15 0x0000FF
-117.5 -412.0 7.0 -104.0 -406.0 5.0 0.15 0x0000FF
-130.5 -422.5 9.5 -117.5 -412.0 7.0 0.15 0x0000FF
-20.5 -361.5 -6.5 -19.5 -356.5 -5.0 0.2 0x0000FF
-26.5 -368.5 -7.0 -20.5 -361.5 -6.5 0.15 0x0000FF
-33.0 -378.5 -9.5 -26.5 -368.5 -7.0 0.15 0x0000FF
-42.0 -382.5 -11.0 -33.0 -378.5 -9.5 0.15 0x0000FF
-53.0 -387.5 -16.0 -42.0 -382.5 -11.0 0.15 0x0000FF
-60.5 -400.5 -19.5 -53.0 -387.5 -16.0 0.15 0x0000FF
-70.0 -418.5 -21.5 -60.5 -400.5 -19.5 0.15 0x0000FF
-81.0 -431.0 -21.5 -70.0 -418.5 -21.5 0.15 0x0000FF
-92.5 -432.0 -25.5 -81.0 -431.0 -21.5 0.15 0x0000FF
-107.0 -438.0 -30.5 -92.5 -432.0 -25.5 0.15 0x0000FF
-119.5 -442.0 -35.5 -107.0 -438.0 -30.5 0.15 0x0000FF
-21.5 -376.0 -2.5 -20.5 -361.5 -6.5 0.2 0x0000FF
-24.0 -395.0 -1.5 -21.5 -376.0 -2.5 0.2 0x0000FF
-25.0 -408.0 -3.0 -24.0 -395.0 -1.5 0.2 0x0000FF
-24.5 -418.5 -4.5 -25.0 -408.0 -3.0 0.15 0x0000FF
-22.0 -432.5 -8.5 -24.5 -418.5 -4.5 0.15 0x0000FF
-17.0 -446.5 -12.0 -22.0 -432.5 -8.5 0.15 0x0000FF
-12.5 -458.5 -14.0 -17.0 -446.5 -12.0 0.15 0x0000FF
-9.0 -477.5 -14.5 -12.5 -458.5 -14.0 0.15 0x0000FF
-11.5 -497.5 -15.5 -9.0 -477.5 -14.5 0.15 0x0000FF
-11.5 -515.0 -15.0 -11.5 -497.5 -15.5 0.15 0x0000FF
-15.0 -529.5 -14.0 -11.5 -515.0 -15.0 0.15 0x0000FF
-27.5 -423.5 1.0 -25.0 -408.0 -3.0 0.2 0x0000FF
-32.5 -443.0 6.5 -27.5 -423.5 1.0 0.2 0x0000FF
-33.0 -457.0 13.5 -32.5 -443.0 6.5 0.2 0x0000FF
-34.0 -465.0 20.5 -33.0 -457.0 13.5 0.2 0x0000FF
-40.5 -478.0 29.0 -34.0 -465.0 20.5 0.2 0x0000FF
-46.5 -485.5 34.0 -40.5 -478.0 29.0 0.2 0x0000FF
-53.5 -496.0 40.0 -46.5 -485.5 34.0 0.2 0x0000FF
-58.0 -499.0 42.5 -53.5 -496.0 40.0 0.2 0x0000FF
-71.5 -510.5 44.5 -58.0 -499.0 42.5 0.15 0x0000FF
-77.5 -519.0 40.5 -71.5 -510.5 44.5 0.15 0x0000FF
-83.5 -530.5 36.0 -77.5 -519.0 40.5 0.15 0x0000FF
-93.0 -537.0 33.0 -83.5 -530.5 36.0 0.15 0x0000FF
-110.0 -546.0 31.0 -93.0 -537.0 33.0 0.15 0x0000FF
-129.5 -553.5 28.0 -110.0 -546.0 31.0 0.15 0x0000FF
-150.5 -562.5 24.5 -129.5 -553.5 28.0 0.15 0x0000FF
-167.5 -574.5 21.0 -150.5 -562.5 24.5 0.15 0x0000FF
-179.5 -578.5 18.0 -167.5 -574.5 21.0 0.15 0x0000FF
-56.0 -504.5 50.0 -58.0 -499.0 42.5 0.2 0x0000FF
-51.5 -509.5 57.0 -56.0 -504.5 50.0 0.2 0x0000FF
-48.5 -511.0 60.0 -51.5 -509.5 57.0 0.2 0x0000FF
-49.0 -514.0 60.0 -48.5 -511.0 60.0 0.15 0x0000FF
-51.0 -517.5 64.5 -49.0 -514.0 60.0 0.15 0x0000FF
-53.0 -523.5 68.0 -51.0 -517.5 64.5 0.15 0x0000FF
-45.0 -544.0 68.0 -53.0 -523.5 68.0 0.15 0x0000FF
-38.5 -555.5 64.0 -45.0 -544.0 68.0 0.15 0x0000FF
-32.0 -570.5 65.5 -38.5 -555.5 64.0 0.15 0x0000FF
-15.0 -587.5 67.5 -32.0 -570.5 65.5 0.15 0x0000FF
-5.0 -606.0 69.5 -15.0 -587.5 67.5 0.15 0x0000FF
0.0 -615.5 74.0 -5.0 -606.0 69.5 0.15 0x0000FF
3.0 -624.0 81.5 0.0 -615.5 74.0 0.15 0x0000FF
9.5 -632.5 84.0 3.0 -624.0 81.5 0.15 0x0000FF
33.0 -637.0 83.0 9.5 -632.5 84.0 0.15 0x0000FF
-28.5 -513.0 65.0 -48.5 -511.0 60.0 0.2 0x0000FF
-13.5 -521.0 69.5 -28.5 -513.0 65.0 0.2 0x0000FF
12.0 -541.0 68.0 -13.5 -521.0 69.5 0.2 0x0000FF
10.5 -546.5 73.0 12.0 -541.0 68.0 0.15 0x0000FF
13.0 -556.0 78.5 10.5 -546.5 73.0 0.15 0x0000FF
15.5 -563.5 87.0 13.0 -556.0 78.5 0.15 0x0000FF
17.0 -569.0 93.5 15.5 -563.5 87.0 0.15 0x0000FF
22.5 -574.0 102.5 17.0 -569.0 93.5 0.15 0x0000FF
31.5 -580.0 110.0 22.5 -574.0 102.5 0.15 0x0000FF
35.0 -586.5 122.0 31.5 -580.0 110.0 0.15 0x0000FF
35.5 -596.0 127.0 35.0 -586.5 122.0 0.15 0x0000FF
34.5 -609.0 131.0 35.5 -596.0 127.0 0.15 0x0000FF
24.5 -552.5 65.5 12.0 -541.0 68.0 0.2 0x0000FF
27.5 -561.5 65.0 24.5 -552.5 65.5 0.2 0x0000FF
33.5 -569.5 67.0 27.5 -561.5 65.0 0.15 0x0000FF
40.5 -577.0 75.0 33.5 -569.5 67.0 0.15 0x0000FF
45.5 -583.5 78.5 40.5 -577.0 75.0 0.15 0x0000FF
41.5 -588.0 75.0 45.5 -583.5 78.5 0.15 0x0000FF
29.0 -592.5 74.0 41.5 -588.0 75.0 0.15 0x0000FF
20.0 -597.0 69.0 29.0 -592.5 74.0 0.15 0x0000FF
14.5 -602.0 62.5 20.0 -597.0 69.0 0.15 0x0000FF
7.5 -611.5 58.5 14.5 -602.0 62.5 0.15 0x0000FF
5.0 -622.0 59.0 7.5 -611.5 58.5 0.15 0x0000FF
2.5 -632.5 59.5 5.0 -622.0 59.0 0.15 0x0000FF
52.5 -588.0 78.5 45.5 -583.5 78.5 0.15 0x0000FF
56.0 -589.5 83.0 52.5 -588.0 78.5 0.15 0x0000FF
55.0 -588.0 90.5 56.0 -589.5 83.0 0.15 0x0000FF
58.5 -586.0 100.0 55.0 -588.0 90.5 0.15 0x0000FF
63.5 -589.5 109.0 58.5 -586.0 100.0 0.15 0x0000FF
68.5 -589.5 117.0 63.5 -589.5 109.0 0.15 0x0000FF
76.5 -593.5 124.0 68.5 -589.5 117.0 0.15 0x0000FF
84.5 -598.5 129.5 76.5 -593.5 124.0 0.15 0x0000FF
94.5 -600.5 137.5 84.5 -598.5 129.5 0.15 0x0000FF
63.0 -595.0 78.0 52.5 -588.0 78.5 0.15 0x0000FF
80.0 -595.5 74.0 63.0 -595.0 78.0 0.15 0x0000FF
113.0 -591.5 74.0 80.0 -595.5 74.0 0.15 0x0000FF
135.0 -589.5 76.5 113.0 -591.5 74.0 0.15 0x0000FF
142.5 -592.5 77.5 135.0 -589.5 76.5 0.15 0x0000FF
41.0 -573.5 63.5 33.5 -569.5 67.0 0.15 0x0000FF
46.0 -580.5 61.5 41.0 -573.5 63.5 0.15 0x0000FF
52.0 -585.0 61.0 46.0 -580.5 61.5 0.15 0x0000FF
61.5 -589.5 56.0 52.0 -585.0 61.0 0.15 0x0000FF
70.0 -598.5 52.0 61.5 -589.5 56.0 0.15 0x0000FF
77.5 -605.0 47.0 70.0 -598.5 52.0 0.15 0x0000FF
81.5 -610.5 42.0 77.5 -605.0 47.0 0.15 0x0000FF
85.0 -615.0 37.0 81.5 -610.5 42.0 0.15 0x0000FF
91.5 -620.5 30.5 85.0 -615.0 37.0 0.15 0x0000FF
100.0 -627.0 23.5 91.5 -620.5 30.5 0.15 0x0000FF
108.0 -635.0 19.0 100.0 -627.0 23.5 0.15 0x0000FF
114.5 -638.5 15.5 108.0 -635.0 19.0 0.15 0x0000FF
85.0 -609.0 44.5 77.5 -605.0 47.0 0.15 0x0000FF
95.0 -615.5 42.0 85.0 -609.0 44.5 0.15 0x0000FF
102.0 -623.5 39.0 95.0 -615.5 42.0 0.15 0x0000FF
109.5 -630.0 35.0 102.0 -623.5 39.0 0.15 0x0000FF
117.0 -633.5 28.5 109.5 -630.0 35.0 0.15 0x0000FF
135.0 -641.0 23.0 117.0 -633.5 28.5 0.15 0x0000FF
145.5 -645.0 18.5 135.0 -641.0 23.0 0.15 0x0000FF
48.0 -588.0 60.0 46.0 -580.5 61.5 0.15 0x0000FF
52.0 -598.5 55.0 48.0 -588.0 60.0 0.15 0x0000FF
53.0 -608.0 51.0 52.0 -598.5 55.0 0.15 0x0000FF
53.5 -614.0 48.0 53.0 -608.0 51.0 0.15 0x0000FF
58.5 -622.0 45.5 53.5 -614.0 48.0 0.15 0x0000FF
-6.0 3.5 0.0 -1.93 0.87 0.5 0.3 0x0000FF
-15.5 16.5 -2.0 -6.0 3.5 0.0 0.2 0x0000FF
-20.5 21.5 -4.0 -15.5 16.5 -2.0 0.2 0x0000FF
-22.0 22.0 -4.5 -20.5 21.5 -4.0 0.15 0x0000FF
-25.5 35.5 -5.5 -22.0 22.0 -4.5 0.15 0x0000FF
-33.0 57.0 -8.0 -25.5 35.5 -5.5 0.15 0x0000FF
-31.0 69.0 -8.5 -33.0 57.0 -8.0 0.15 0x0000FF
-32.0 87.5 -6.5 -31.0 69.0 -8.5 0.15 0x0000FF
-37.5 106.0 -6.0 -32.0 87.5 -6.5 0.15 0x0000FF
-47.5 119.5 -4.5 -37.5 106.0 -6.0 0.15 0x0000FF
-50.0 130.0 -3.5 -47.5 119.5 -4.5 0.15 0x0000FF
-53.0 149.0 -3.0 -50.0 130.0 -3.5 0.15 0x0000FF
-54.5 154.5 -1.5 -53.0 149.0 -3.0 0.15 0x0000FF
-54.0 164.5 -1.5 -54.5 154.5 -1.5 0.15 0x0000FF
-57.5 176.5 1.5 -54.0 164.5 -1.5 0.15 0x0000FF
-66.0 184.5 7.5 -57.5 176.5 1.5 0.15 0x0000FF
-74.5 192.0 11.5 -66.0 184.5 7.5 0.15 0x0000FF
-79.0 195.5 14.0 -74.5 192.0 11.5 0.15 0x0000FF
-40.0 67.0 -11.5 -33.0 57.0 -8.0 0.15 0x0000FF
-44.5 80.5 -15.5 -40.0 67.0 -11.5 0.15 0x0000FF
-49.5 96.0 -21.0 -44.5 80.5 -15.5 0.15 0x0000FF
-50.5 112.5 -25.0 -49.5 96.0 -21.0 0.15 0x0000FF
-55.0 126.0 -30.5 -50.5 112.5 -25.0 0.15 0x0000FF
-57.0 145.5 -35.0 -55.0 126.0 -30.5 0.15 0x0000FF
-59.5 165.5 -37.5 -57.0 145.5 -35.0 0.15 0x0000FF
-58.0 182.0 -40.5 -59.5 165.5 -37.5 0.15 0x0000FF
-61.5 194.0 -42.5 -58.0 182.0 -40.5 0.15 0x0000FF
-76.5 210.5 -46.0 -61.5 194.0 -42.5 0.15 0x0000FF
-28.5 29.0 -7.0 -22.0 22.0 -4.5 0.15 0x0000FF
-37.5 40.0 -12.0 -28.5 29.0 -7.0 0.15 0x0000FF
-46.0 55.0 -15.5 -37.5 40.0 -12.0 0.15 0x0000FF
-53.0 67.5 -18.0 -46.0 55.0 -15.5 0.15 0x0000FF
-56.0 74.5 -20.0 -53.0 67.5 -18.0 0.15 0x0000FF
-58.0 90.0 -20.0 -56.0 74.5 -20.0 0.15 0x0000FF
-61.0 118.5 -19.5 -58.0 90.0 -20.0 0.15 0x0000FF
-62.0 133.5 -19.0 -61.0 118.5 -19.5 0.15 0x0000FF
-65.0 151.0 -19.0 -62.0 133.5 -19.0 0.15 0x0000FF
-69.0 166.0 -17.0 -65.0 151.0 -19.0 0.15 0x0000FF
-72.5 182.5 -13.5 -69.0 166.0 -17.0 0.15 0x0000FF
-78.0 198.5 -13.5 -72.5 182.5 -13.5 0.15 0x0000FF
-63.5 89.5 -22.5 -56.0 74.5 -20.0 0.15 0x0000FF
-74.0 110.5 -27.0 -63.5 89.5 -22.5 0.15 0x0000FF
-82.0 127.0 -30.0 -74.0 110.5 -27.0 0.15 0x0000FF
-82.5 131.0 -31.5 -82.0 127.0 -30.0 0.15 0x0000FF
-87.5 136.5 -31.5 -82.5 131.0 -31.5 0.15 0x0000FF
-91.0 147.0 -34.0 -87.5 136.5 -31.5 0.15 0x0000FF
-37.5 23.5 -8.5 -20.5 21.5 -4.0 0.15 0x0000FF
-58.5 25.5 -11.5 -37.5 23.5 -8.5 0.15 0x0000FF
-63.5 27.0 -14.0 -58.5 25.5 -11.5 0.15 0x0000FF
-69.0 28.5 -17.5 -63.5 27.0 -14.0 0.15 0x0000FF
-71.0 31.5 -22.5 -69.0 28.5 -17.5 0.15 0x0000FF
-75.5 35.0 -26.0 -71.0 31.5 -22.5 0.15 0x0000FF
-80.5 40.5 -29.5 -75.5 35.0 -26.0 0.15 0x0000FF
-84.0 55.0 -33.0 -80.5 40.5 -29.5 0.15 0x0000FF
-91.0 63.0 -37.5 -84.0 55.0 -33.0 0.15 0x0000FF
-98.0 74.0 -41.5 -91.0 63.0 -37.5 0.15 0x0000FF
-105.0 88.0 -45.5 -98.0 74.0 -41.5 0.15 0x0000FF
-114.0 97.0 -49.0 -105.0 88.0 -45.5 0.15 0x0000FF
-75.0 25.5 -14.0 -58.5 25.5 -11.5 0.15 0x0000FF
-79.5 26.0 -13.5 -75.0 25.5 -14.0 0.15 0x0000FF
-99.0 37.0 -16.0 -79.5 26.0 -13.5 0.15 0x0000FF
-114.0 48.0 -19.0 -99.0 37.0 -16.0 0.15 0x0000FF
-128.0 61.5 -19.5 -114.0 48.0 -19.0 0.15 0x0000FF
-137.0 72.0 -21.5 -128.0 61.5 -19.5 0.15 0x0000FF
-147.0 79.0 -23.5 -137.0 72.0 -21.5 0.15 0x0000FF
-5.0 4.5 8.5 -1.93 0.87 0.5 0.3 0x0000FF
-7.5 8.0 9.0 -5.0 4.5 8.5 0.3 0x0000FF
-11.0 20.0 10.5 -7.5 8.0 9.0 0.15 0x0000FF
-9.0 22.5 11.0 -11.0 20.0 10.5 0.15 0x0000FF
-7.5 30.5 14.0 -9.0 22.5 11.0 0.15 0x0000FF
-7.5 34.0 15.5 -7.5 30.5 14.0 0.15 0x0000FF
-4.5 41.0 18.0 -7.5 34.0 15.5 0.15 0x0000FF
2.0 47.0 22.0 -4.5 41.0 18.0 0.15 0x0000FF
7.0 54.0 24.0 2.0 47.0 22.0 0.15 0x0000FF
9.5 56.0 27.5 7.0 54.0 24.0 0.15 0x0000FF
15.5 70.5 29.5 9.5 56.0 27.5 0.15 0x0000FF
18.5 69.0 33.0 15.5 70.5 29.5 0.15 0x0000FF
25.0 64.5 39.5 18.5 69.0 33.0 0.15 0x0000FF
33.0 61.5 42.0 25.0 64.5 39.5 0.15 0x0000FF
42.0 65.5 45.5 33.0 61.5 42.0 0.15 0x0000FF
49.0 69.5 49.0 42.0 65.5 45.5 0.15 0x0000FF
57.0 74.5 54.0 49.0 69.5 49.0 0.15 0x0000FF
61.5 72.5 61.0 57.0 74.5 54.0 0.15 0x0000FF
66.0 67.5 65.0 61.5 72.5 61.0 0.15 0x0000FF
67.0 64.5 68.0 66.0 67.5 65.0 0.15 0x0000FF
17.0 76.5 32.0 15.5 70.5 29.5 0.15 0x0000FF
19.5 80.5 33.0 17.0 76.5 32.0 0.15 0x0000FF
23.5 86.0 34.5 19.5 80.5 33.0 0.15 0x0000FF
28.5 95.0 35.5 23.5 86.0 34.5 0.15 0x0000FF
31.0 100.5 38.0 28.5 95.0 35.5 0.15 0x0000FF
35.0 106.0 41.5 31.0 100.5 38.0 0.15 0x0000FF
39.5 115.5 43.0 35.0 106.0 41.5 0.15 0x0000FF
41.0 122.5 45.0 39.5 115.5 43.0 0.15 0x0000FF
48.5 139.0 46.0 41.0 122.5 45.0 0.15 0x0000FF
57.5 143.0 49.0 48.5 139.0 46.0 0.15 0x0000FF
60.0 147.5 49.5 57.5 143.0 49.0 0.15 0x0000FF
69.0 150.5 49.0 60.0 147.5 49.5 0.15 0x0000FF
72.5 163.0 51.0 69.0 150.5 49.0 0.15 0x0000FF
80.5 177.5 52.0 72.5 163.0 51.0 0.15 0x0000FF
92.5 189.5 54.0 80.5 177.5 52.0 0.15 0x0000FF
99.5 197.0 56.5 92.5 189.5 54.0 0.15 0x0000FF
-9.5 43.0 15.5 -7.5 34.0 15.5 0.15 0x0000FF
-7.0 49.5 15.5 -9.5 43.0 15.5 0.15 0x0000FF
-6.0 60.5 17.0 -7.0 49.5 15.5 0.15 0x0000FF
-2.0 71.0 19.0 -6.0 60.5 17.0 0.15 0x0000FF
-1.0 78.5 21.0 -2.0 71.0 19.0 0.15 0x0000FF
1.0 89.0 21.5 -1.0 78.5 21.0 0.15 0x0000FF
4.5 100.0 22.5 1.0 89.0 21.5 0.15 0x0000FF
5.0 108.0 24.5 4.5 100.0 22.5 0.15 0x0000FF
10.0 116.0 26.5 5.0 108.0 24.5 0.15 0x0000FF
9.5 127.0 28.5 10.0 116.0 26.5 0.15 0x0000FF
13.0 147.5 30.0 9.5 127.0 28.5 0.15 0x0000FF
12.0 161.0 32.0 13.0 147.5 30.0 0.15 0x0000FF
12.5 181.0 33.0 12.0 161.0 32.0 0.15 0x0000FF
13.0 196.0 35.0 12.5 181.0 33.0 0.15 0x0000FF
15.5 211.0 36.0 13.0 196.0 35.0 0.15 0x0000FF
18.5 221.0 36.5 15.5 211.0 36.0 0.15 0x0000FF
23.5 230.0 32.5 18.5 221.0 36.5 0.15 0x0000FF
-17.0 38.5 10.5 -11.0 20.0 10.5 0.15 0x0000FF
-19.0 46.0 11.5 -17.0 38.5 10.5 0.15 0x0000FF
-22.0 60.5 12.0 -19.0 46.0 11.5 0.15 0x0000FF
-24.5 82.5 11.5 -22.0 60.5 12.0 0.15 0x0000FF
-29.0 105.0 13.0 -24.5 82.5 11.5 0.15 0x0000FF
-30.5 116.0 13.5 -29.0 105.0 13.0 0.15 0x0000FF
-27.0 128.0 12.0 -30.5 116.0 13.5 0.15 0x0000FF
-25.5 159.5 11.0 -27.0 128.0 12.0 0.15 0x0000FF
-28.0 171.0 10.0 -25.5 159.5 11.0 0.15 0x0000FF
-25.5 185.5 10.0 -28.0 171.0 10.0 0.15 0x0000FF
-22.5 197.0 10.0 -25.5 185.5 10.0 0.15 0x0000FF
-19.0 207.0 11.0 -22.5 197.0 10.0 0.15 0x0000FF
-14.0 214.0 11.5 -19.0 207.0 11.0 0.15 0x0000FF
-11.5 222.5 10.0 -14.0 214.0 11.5 0.15 0x0000FF
-35.5 143.0 14.0 -30.5 116.0 13.5 0.15 0x0000FF
-41.5 155.0 14.5 -35.5 143.0 14.0 0.15 0x0000FF
-45.0 179.5 15.0 -41.5 155.0 14.5 0.15 0x0000FF
-46.5 190.5 16.5 -45.0 179.5 15.0 0.15 0x0000FF
-49.0 201.0 18.0 -46.5 190.5 16.5 0.15 0x0000FF
-52.0 214.5 19.0 -49.0 201.0 18.0 0.15 0x0000FF
-57.5 220.5 20.5 -52.0 214.5 19.0 0.15 0x0000FF
-58.5 226.5 22.0 -57.5 220.5 20.5 0.15 0x0000FF
-21.5 50.0 13.5 -19.0 46.0 11.5 0.15 0x0000FF
-29.0 60.5 15.5 -21.5 50.0 13.5 0.15 0x0000FF
-32.5 72.5 16.0 -29.0 60.5 15.5 0.15 0x0000FF
-35.5 80.5 17.0 -32.5 72.5 16.0 0.15 0x0000FF
-35.0 91.5 21.0 -35.5 80.5 17.0 0.15 0x0000FF
-35.0 95.5 22.5 -35.0 91.5 21.0 0.15 0x0000FF
-11.0 6.0 12.0 -7.5 8.0 9.0 0.15 0x0000FF
-15.0 8.5 15.0 -11.0 6.0 12.0 0.15 0x0000FF
-18.5 9.5 15.0 -15.0 8.5 15.0 0.15 0x0000FF
-24.5 13.0 14.0 -18.5 9.5 15.0 0.15 0x0000FF
-43.5 27.0 19.0 -24.5 13.0 14.0 0.15 0x0000FF
-52.5 32.5 19.0 -43.5 27.0 19.0 0.15 0x0000FF
-67.0 43.0 18.5 -52.5 32.5 19.0 0.15 0x0000FF
-76.0 55.0 15.5 -67.0 43.0 18.5 0.15 0x0000FF
-84.5 63.0 14.5 -76.0 55.0 15.5 0.15 0x0000FF
-93.5 76.0 15.5 -84.5 63.0 14.5 0.15 0x0000FF
-102.5 83.5 16.5 -93.5 76.0 15.5 0.15 0x0000FF
-111.5 95.0 18.5 -102.5 83.5 16.5 0.15 0x0000FF
-119.0 100.0 21.0 -111.5 95.0 18.5 0.15 0x0000FF
-125.0 107.5 22.5 -119.0 100.0 21.0 0.15 0x0000FF
-50.5 31.0 23.5 -43.5 27.0 19.0 0.15 0x0000FF
-57.0 35.0 26.5 -50.5 31.0 23.5 0.15 0x0000FF
-60.5 37.5 29.5 -57.0 35.0 26.5 0.15 0x0000FF
-68.5 40.5 33.0 -60.5 37.5 29.5 0.15 0x0000FF
-73.0 48.0 35.5 -68.5 40.5 33.0 0.15 0x0000FF
-82.5 55.0 41.0 -73.0 48.0 35.5 0.15 0x0000FF
-90.0 70.5 45.5 -82.5 55.0 41.0 0.15 0x0000FF
-98.0 88.0 49.5 -90.0 70.5 45.5 0.15 0x0000FF
-102.5 101.5 54.0 -98.0 88.0 49.5 0.15 0x0000FF
-103.5 105.5 55.0 -102.5 101.5 54.0 0.15 0x0000FF
-104.0 111.0 56.5 -103.5 105.5 55.0 0.15 0x0000FF
-107.0 117.5 60.5 -104.0 111.0 56.5 0.15 0x0000FF
-110.5 122.0 64.0 -107.0 117.5 60.5 0.15 0x0000FF
-111.5 125.5 69.5 -110.5 122.0 64.0 0.15 0x0000FF
-116.0 129.5 73.0 -111.5 125.5 69.5 0.15 0x0000FF
-118.0 138.0 78.0 -116.0 129.5 73.0 0.15 0x0000FF
-121.5 145.0 80.0 -118.0 138.0 78.0 0.15 0x0000FF
-18.0 8.0 22.5 -18.5 9.5 15.0 0.15 0x0000FF
-14.0 7.5 27.5 -18.0 8.0 22.5 0.15 0x0000FF
-14.0 12.5 32.0 -14.0 7.5 27.5 0.15 0x0000FF
-14.5 11.5 44.0 -14.0 12.5 32.0 0.15 0x0000FF
-23.0 14.0 49.0 -14.5 11.5 44.0 0.15 0x0000FF
-25.5 25.0 54.5 -23.0 14.0 49.0 0.15 0x0000FF
-25.5 31.0 60.0 -25.5 25.0 54.5 0.15 0x0000FF
-33.5 40.0 65.0 -25.5 31.0 60.0 0.15 0x0000FF
4.5 4.0 -3.5 -1.93 0.87 0.5 0.4 0x0000FF
5.5 5.5 -3.0 4.5 4.0 -3.5 0.3 0x0000FF
11.0 0.5 -4.5 5.5 5.5 -3.0 0.15 0x0000FF
28.0 -0.5 -8.5 11.0 0.5 -4.5 0.15 0x0000FF
45.0 2.0 -13.0 28.0 -0.5 -8.5 0.15 0x0000FF
56.0 4.5 -17.0 45.0 2.0 -13.0 0.15 0x0000FF
63.0 6.5 -22.0 56.0 4.5 -17.0 0.15 0x0000FF
72.0 7.0 -23.0 63.0 6.5 -22.0 0.15 0x0000FF
89.5 19.5 -24.0 72.0 7.0 -23.0 0.15 0x0000FF
94.5 30.5 -25.5 89.5 19.5 -24.0 0.15 0x0000FF
104.0 37.5 -28.0 94.5 30.5 -25.5 0.15 0x0000FF
111.0 48.5 -30.0 104.0 37.5 -28.0 0.15 0x0000FF
115.0 62.0 -32.0 111.0 48.5 -30.0 0.15 0x0000FF
120.0 74.0 -38.0 115.0 62.0 -32.0 0.15 0x0000FF
6.5 12.5 -4.5 5.5 5.5 -3.0 0.3 0x0000FF
8.0 15.5 -10.0 6.5 12.5 -4.5 0.15 0x0000FF
11.0 18.0 -13.5 8.0 15.5 -10.0 0.15 0x0000FF
11.5 20.0 -14.5 11.0 18.0 -13.5 0.15 0x0000FF
3.5 22.5 -17.0 11.5 20.0 -14.5 0.15 0x0000FF
-16.5 31.5 -20.0 3.5 22.5 -17.0 0.15 0x0000FF
-24.5 40.5 -25.0 -16.5 31.5 -20.0 0.15 0x0000FF
-35.5 49.0 -28.5 -24.5 40.5 -25.0 0.15 0x0000FF
-47.5 59.0 -33.5 -35.5 49.0 -28.5 0.15 0x0000FF
-55.0 68.5 -37.0 -47.5 59.0 -33.5 0.15 0x0000FF
15.0 22.5 -15.5 11.5 20.0 -14.5 0.15 0x0000FF
18.0 25.5 -19.0 15.0 22.5 -15.5 0.15 0x0000FF
14.0 28.0 -21.5 18.0 25.5 -19.0 0.15 0x0000FF
10.5 36.0 -26.5 14.0 28.0 -21.5 0.15 0x0000FF
11.0 39.5 -32.5 10.5 36.0 -26.5 0.15 0x0000FF
14.0 43.0 -38.0 11.0 39.5 -32.5 0.15 0x0000FF
14.0 45.5 -46.0 14.0 43.0 -38.0 0.15 0x0000FF
14.5 52.5 -52.0 14.0 45.5 -46.0 0.15 0x0000FF
16.5 58.5 -55.0 14.5 52.5 -52.0 0.15 0x0000FF
15.0 63.5 -59.5 16.5 58.5 -55.0 0.15 0x0000FF
19.5 69.0 -64.5 15.0 63.5 -59.5 0.15 0x0000FF
28.0 30.5 -19.5 18.0 25.5 -19.0 0.15 0x0000FF
37.0 35.5 -22.0 28.0 30.5 -19.5 0.15 0x0000FF
45.0 44.5 -25.0 37.0 35.5 -22.0 0.15 0x0000FF
52.0 56.0 -27.0 45.0 44.5 -25.0 0.15 0x0000FF
59.5 78.0 -30.0 52.0 56.0 -27.0 0.15 0x0000FF
70.0 110.0 -31.5 59.5 78.0 -30.0 0.15 0x0000FF
78.5 127.0 -33.0 70.0 110.0 -31.5 0.15 0x0000FF
83.5 141.0 -33.0 78.5 127.0 -33.0 0.15 0x0000FF
92.5 164.5 -33.0 83.5 141.0 -33.0 0.15 0x0000FF
86.0 189.5 -33.0 92.5 164.5 -33.0 0.15 0x0000FF
86.0 201.0 -33.5 86.0 189.5 -33.0 0.15 0x0000FF
88.5 213.5 -36.5 86.0 201.0 -33.5 0.15 0x0000FF
92.5 230.5 -39.5 88.5 213.5 -36.5 0.15 0x0000FF
12.0 21.5 -6.0 6.5 12.5 -4.5 0.15 0x0000FF
17.0 33.0 -6.0 12.0 21.5 -6.0 0.15 0x0000FF
26.5 50.0 -5.5 17.0 33.0 -6.0 0.15 0x0000FF
29.5 57.5 -4.5 26.5 50.0 -5.5 0.15 0x0000FF
35.0 88.0 -2.0 29.5 57.5 -4.5 0.15 0x0000FF
38.5 114.5 0.5 35.0 88.0 -2.0 0.15 0x0000FF
40.5 135.0 2.5 38.5 114.5 0.5 0.15 0x0000FF
43.5 146.5 2.5 40.5 135.0 2.5 0.15 0x0000FF
45.5 157.5 3.5 43.5 146.5 2.5 0.15 0x0000FF
47.0 166.0 4.5 45.5 157.5 3.5 0.15 0x0000FF
49.5 186.5 7.5 47.0 166.0 4.5 0.15 0x0000FF
53.5 192.5 9.0 49.5 186.5 7.5 0.15 0x0000FF
56.5 204.0 10.0 53.5 192.5 9.0 0.15 0x0000FF
59.0 206.0 11.0 56.5 204.0 10.0 0.15 0x0000FF
59.5 215.5 14.0 59.0 206.0 11.0 0.15 0x0000FF
60.0 223.0 12.5 59.5 215.5 14.0 0.15 0x0000FF
51.0 228.5 14.0 60.0 223.0 12.5 0.15 0x0000FF
46.5 236.0 18.0 51.0 228.5 14.0 0.15 0x0000FF
22.0 47.0 -9.5 17.0 33.0 -6.0 0.15 0x0000FF
24.5 71.5 -11.0 22.0 47.0 -9.5 0.15 0x0000FF
28.0 103.5 -11.5 24.5 71.5 -11.0 0.15 0x0000FF
29.0 118.0 -12.0 28.0 103.5 -11.5 0.15 0x0000FF
49.0 137.5 -12.5 29.0 118.0 -12.0 0.15 0x0000FF
64.0 157.5 -13.5 49.0 137.5 -12.5 0.15 0x0000FF
70.5 170.0 -13.5 64.0 157.5 -13.5 0.15 0x0000FF
76.5 185.0 -13.5 70.5 170.0 -13.5 0.15 0x0000FF
77.0 197.5 -11.5 76.5 185.0 -13.5 0.15 0x0000FF
75.0 212.5 -10.5 77.0 197.5 -11.5 0.15 0x0000FF
75.5 236.0 -11.0 75.0 212.5 -10.5 0.15 0x0000FF
29.5 141.0 -11.0 29.0 118.0 -12.0 0.15 0x0000FF
29.5 147.0 -14.0 29.5 141.0 -11.0 0.15 0x0000FF
28.5 167.0 -16.0 29.5 147.0 -14.0 0.15 0x0000FF
27.0 176.0 -17.5 28.5 167.0 -16.0 0.15 0x0000FF
29.0 184.0 -18.0 27.0 176.0 -17.5 0.15 0x0000FF
33.5 192.5 -18.0 29.0 184.0 -18.0 0.15 0x0000FF
32.0 207.0 -17.5 33.5 192.5 -18.0 0.15 0x0000FF
32.0 215.5 -17.5 32.0 207.0 -17.5 0.15 0x0000FF
27.0 226.0 -17.0 32.0 215.5 -17.5 0.15 0x0000FF
25.5 228.0 -17.5 27.0 226.0 -17.0 0.15 0x0000FF
30.0 157.0 -12.5 29.5 147.0 -14.0 0.15 0x0000FF
24.0 173.5 -13.5 30.0 157.0 -12.5 0.15 0x0000FF
21.5 183.5 -13.5 24.0 173.5 -13.5 0.15 0x0000FF
14.5 202.5 -16.0 21.5 183.5 -13.5 0.15 0x0000FF
8.5 214.5 -16.0 14.5 202.5 -16.0 0.15 0x0000FF
5.0 226.5 -17.0 8.5 214.5 -16.0 0.15 0x0000FF
0.0 0.0 0.0 -1.93 0.87 0.5 0.5 0x0000FF
-283.0 -598.0 0.0 0.0 0.0 0.0 0.15 0x0000FF
60.5 -650.5 0.0 -283.0 -598.0 0.0 0.15 0x0000FF
176.0 -699.5 0.0 60.5 -650.5 0.0 0.15 0x0000FF
449.0 -865.0 0.0 176.0 -699.5 0.0 0.15 0x0000FF
-325.0 317.5 -43.5 0.0 0.0 0.0 0.15 0x0000FF
-208.0 300.5 -43.5 -325.0 317.5 -43.5 0.15 0x0000FF
65.5 302.0 -43.5 -208.0 300.5 -43.5 0.15 0x0000FF
244.5 272.5 -43.5 65.5 302.0 -43.5 0.15 0x0000FF
329.0 247.5 -57.5 244.5 272.5 -43.5 0.15 0x0000FF
