
390 4 -109.09 237.77 29.28 1.37 389
 403 4 -108.57 239.42 29.36 1.00 357
 404 4 -108.93 240.15 30.12 1.00 403
 405 4 -109.30 241.61 30.50 0.91 404
 406 4 -109.30 242.88 31.71 0.91 405
 407 4 -109.84 245.07 33.68 0.91 406
 408 4 -110.94 248.17 34.21 0.91 407
 409 4 -112.03 250.90 34.81 0.91 408
 410 4 -113.68 255.46 36.25 0.91 409
 411 4 -115.13 258.74 36.78 0.73 410
 412 4 -116.78 262.02 37.84 0.64 411
 413 4 -118.24 264.57 39.97 0.55 412
 414 4 -119.88 267.66 40.86 0.46 413
 415 4 -120.97 271.49 42.24 0.46 414
 416 4 -121.89 275.68 43.45 0.46 415
 417 4 -123.78 283.54 44.73 0.46 416