-22.57 -16.94 1.56 -31.96 -17.39 -3.5 0.73 0x0000FF
-21.66 -16.57 1.26 -22.57 -16.94 1.56 0.73 0x0000FF
-17.1 -16.57 0.65 -21.66 -16.57 1.26 0.91 0x0000FF
-14.91 -17.48 0.65 -17.1 -16.57 0.65 0.82 0x0000FF
-12.72 -19.86 0.57 -14.91 -17.48 0.65 0.36 0x0000FF
-11.26 -20.95 0.35 -12.72 -19.86 0.57 0.36 0x0000FF
-8.34 -23.14 0.42 -11.26 -20.95 0.35 0.36 0x0000FF
-3.41 -28.42 0.95 -8.34 -23.14 0.42 0.36 0x0000FF
-0.49 -31.34 1.56 -3.41 -28.42 0.95 0.36 0x0000FF
1.51 -33.34 1.94 -0.49 -31.34 1.56 0.36 0x0000FF
3.52 -34.79 2.7 1.51 -33.34 1.94 0.36 0x0000FF
6.26 -37.17 3.61 3.52 -34.79 2.7 0.28 0x0000FF
8.08 -38.08 3.91 6.26 -37.17 3.61 0.28 0x0000FF
11.37 -40.26 4.44 8.08 -38.08 3.91 0.28 0x0000FF
13.92 -42.27 5.12 11.37 -40.26 4.44 0.28 0x0000FF
16.84 -44.82 5.88 13.92 -42.27 5.12 0.28 0x0000FF
19.94 -48.28 6.64 16.84 -44.82 5.88 0.28 0x0000FF
22.86 -50.47 6.94 19.94 -48.28 6.64 0.28 0x0000FF
25.78 -53.2 7.85 22.86 -50.47 6.94 0.28 0x0000FF
27.24 -55.2 8.38 25.78 -53.2 7.85 0.28 0x0000FF
33.26 -60.12 8.91 27.24 -55.2 8.38 0.28 0x0000FF
36.9 -62.67 9.74 33.26 -60.12 8.91 0.28 0x0000FF
43.84 -67.05 9.74 36.9 -62.67 9.74 0.28 0x0000FF
47.31 -69.42 10.65 43.84 -67.05 9.74 0.28 0x0000FF
54.24 -75.25 11.18 47.31 -69.42 10.65 0.28 0x0000FF
64.81 -88.91 11.1 54.24 -75.25 11.18 0.28 0x0000FF
66.83 -92.37 10.5 64.81 -88.91 11.1 0.28 0x0000FF
69.93 -96.75 9.74 66.83 -92.37 10.5 0.28 0x0000FF
92.75 -107.97 8.52 69.93 -96.75 9.74 0.28 0x0000FF
100.23 -114.16 8.38 92.75 -107.97 8.52 0.28 0x0000FF
108.07 -121.63 8.0 100.23 -114.16 8.38 0.28 0x0000FF
114.27 -124.18 8.0 108.07 -121.63 8.0 0.28 0x0000FF
121.39 -126.73 7.47 114.27 -124.18 8.0 0.28 0x0000FF
125.22 -126.55 7.17 121.39 -126.73 7.47 0.28 0x0000FF
-11.44 -17.41 1.11 -14.91 -17.48 0.65 0.28 0x0000FF
-9.43 -18.14 1.79 -11.44 -17.41 1.11 0.28 0x0000FF
-8.33 -18.87 2.7 -9.43 -18.14 1.79 0.28 0x0000FF
-7.42 -19.6 3.3 -8.33 -18.87 2.7 0.28 0x0000FF
-6.33 -21.6 3.98 -7.42 -19.6 3.3 0.28 0x0000FF
-3.59 -21.97 4.82 -6.33 -21.6 3.98 0.28 0x0000FF
-3.04 -21.97 5.12 -3.59 -21.97 4.82 0.28 0x0000FF
-14.17 -15.05 1.18 -17.1 -16.57 0.65 0.73 0x0000FF
-12.71 -15.23 1.71 -14.17 -15.05 1.18 0.73 0x0000FF
-9.61 -14.86 2.54 -12.71 -15.23 1.71 0.73 0x0000FF
-8.33 -14.86 3.15 -9.61 -14.86 2.54 0.64 0x0000FF
-7.06 -14.86 4.29 -8.33 -14.86 3.15 0.64 0x0000FF
-5.05 -14.5 5.04 -7.06 -14.86 4.29 0.64 0x0000FF
-2.86 -13.59 6.03 -5.05 -14.5 5.04 0.64 0x0000FF
-1.58 -12.68 6.71 -2.86 -13.59 6.03 0.64 0x0000FF
0.42 -11.95 7.39 -1.58 -12.68 6.71 0.64 0x0000FF
1.7 -11.58 8.38 0.42 -11.95 7.39 0.64 0x0000FF
2.43 -11.22 9.51 1.7 -11.58 8.38 0.64 0x0000FF
4.99 -9.21 10.57 2.43 -11.22 9.51 0.46 0x0000FF
6.45 -8.67 10.8 4.99 -9.21 10.57 0.46 0x0000FF
8.44 -8.11 11.26 6.45 -8.67 10.8 0.46 0x0000FF
9.55 -7.58 11.86 8.44 -8.11 11.26 0.46 0x0000FF
9.91 -7.58 9.97 9.55 -7.58 11.86 0.46 0x0000FF
10.28 -7.58 7.92 9.91 -7.58 9.97 0.46 0x0000FF
11.74 -7.76 6.56 10.28 -7.58 7.92 0.46 0x0000FF
13.01 -7.58 5.42 11.74 -7.76 6.56 0.36 0x0000FF
13.93 -7.94 4.29 13.01 -7.58 5.42 0.36 0x0000FF
16.66 -8.11 2.17 13.93 -7.94 4.29 0.36 0x0000FF
19.03 -8.3 0.27 16.66 -8.11 2.17 0.36 0x0000FF
22.14 -7.94 -1.17 19.03 -8.3 0.27 0.36 0x0000FF
23.05 -7.39 -2.52 22.14 -7.94 -1.17 0.36 0x0000FF
23.6 -7.03 -5.11 23.05 -7.39 -2.52 0.36 0x0000FF
25.24 -5.94 -5.86 23.6 -7.03 -5.11 0.36 0x0000FF
26.51 -5.21 -6.77 25.24 -5.94 -5.86 0.36 0x0000FF
27.79 -4.66 -9.57 26.51 -5.21 -6.77 0.36 0x0000FF
28.89 -4.48 -10.33 27.79 -4.66 -9.57 0.36 0x0000FF
28.89 -4.48 -12.98 28.89 -4.48 -10.33 0.36 0x0000FF
30.16 -4.11 -14.27 28.89 -4.48 -12.98 0.36 0x0000FF
31.44 -2.47 -15.86 30.16 -4.11 -14.27 0.36 0x0000FF
32.69 -2.15 -18.51 31.44 -2.47 -15.86 0.36 0x0000FF
33.04 -1.78 -19.88 32.69 -2.15 -18.51 0.36 0x0000FF
5.68 -7.43 9.97 2.43 -11.22 9.51 0.36 0x0000FF
6.96 -5.97 13.15 5.68 -7.43 9.97 0.36 0x0000FF
10.24 -4.15 14.44 6.96 -5.97 13.15 0.36 0x0000FF
16.63 -1.24 16.41 10.24 -4.15 14.44 0.36 0x0000FF
22.29 1.68 17.47 16.63 -1.24 16.41 0.36 0x0000FF
24.84 2.95 19.13 22.29 1.68 17.47 0.36 0x0000FF
27.76 5.87 20.27 24.84 2.95 19.13 0.36 0x0000FF
31.96 7.87 22.24 27.76 5.87 20.27 0.36 0x0000FF
39.79 10.24 23.15 31.96 7.87 22.24 0.36 0x0000FF
47.1 14.07 24.06 39.79 10.24 23.15 0.36 0x0000FF
53.12 17.71 25.57 47.1 14.07 24.06 0.36 0x0000FF
56.4 19.35 26.79 53.12 17.71 25.57 0.36 0x0000FF
59.14 20.44 28.6 56.4 19.35 26.79 0.36 0x0000FF
60.05 20.81 29.44 59.14 20.44 28.6 0.36 0x0000FF
61.7 21.17 30.88 60.05 20.81 29.44 0.36 0x0000FF
-23.51 -20.55 -1.85 -31.96 -17.39 -3.5 0.82 0x0000FF
-20.59 -20.19 -0.86 -23.51 -20.55 -1.85 0.82 0x0000FF
-19.3 -20.19 0.12 -20.59 -20.19 -0.86 0.82 0x0000FF
-18.95 -20.19 1.71 -19.3 -20.19 0.12 0.82 0x0000FF
-16.39 -20.0 2.77 -18.95 -20.19 1.71 0.82 0x0000FF
-13.66 -20.55 2.39 -16.39 -20.0 2.77 0.82 0x0000FF
-11.83 -22.19 1.86 -13.66 -20.55 2.39 0.46 0x0000FF
-10.74 -24.74 1.64 -11.83 -22.19 1.86 0.46 0x0000FF
-10.92 -25.47 2.62 -10.74 -24.74 1.64 0.46 0x0000FF
-11.29 -27.47 3.38 -10.92 -25.47 2.62 0.46 0x0000FF
-12.01 -30.39 4.82 -11.29 -27.47 3.38 0.28 0x0000FF
-12.56 -31.66 5.88 -12.01 -30.39 4.82 0.28 0x0000FF
-12.93 -33.29 6.79 -12.56 -31.66 5.88 0.28 0x0000FF
-13.11 -34.4 8.61 -12.93 -33.29 6.79 0.28 0x0000FF
-13.11 -36.22 9.51 -13.11 -34.4 8.61 0.28 0x0000FF
-13.66 -39.14 11.71 -13.11 -36.22 9.51 0.28 0x0000FF
-13.84 -40.4 13.45 -13.66 -39.14 11.71 0.28 0x0000FF
-14.39 -42.41 15.8 -13.84 -40.4 13.45 0.28 0x0000FF
-15.12 -45.15 17.39 -14.39 -42.41 15.8 0.28 0x0000FF
-16.03 -50.07 19.66 -15.12 -45.15 17.39 0.28 0x0000FF
-16.76 -55.17 21.03 -16.03 -50.07 19.66 0.28 0x0000FF
-16.76 -56.63 22.69 -16.76 -55.17 21.03 0.28 0x0000FF
-16.57 -57.17 24.97 -16.76 -56.63 22.69 0.28 0x0000FF
-16.94 -59.91 26.86 -16.57 -57.17 24.97 0.28 0x0000FF
-17.48 -61.18 28.15 -16.94 -59.91 26.86 0.28 0x0000FF
-18.77 -62.09 31.48 -17.48 -61.18 28.15 0.28 0x0000FF
-20.77 -63.19 32.39 -18.77 -62.09 31.48 0.28 0x0000FF
-22.6 -65.01 33.75 -20.77 -63.19 32.39 0.28 0x0000FF
-23.69 -66.65 36.1 -22.6 -65.01 33.75 0.28 0x0000FF
-10.74 -21.83 3.98 -13.66 -20.55 2.39 0.36 0x0000FF
-9.64 -23.28 4.13 -10.74 -21.83 3.98 0.36 0x0000FF
-6.72 -26.75 4.51 -9.64 -23.28 4.13 0.36 0x0000FF
-5.26 -28.75 4.59 -6.72 -26.75 4.51 0.36 0x0000FF
-4.17 -30.39 4.59 -5.26 -28.75 4.59 0.36 0x0000FF
-3.62 -31.12 4.74 -4.17 -30.39 4.59 0.36 0x0000FF
-1.62 -32.94 5.2 -3.62 -31.12 4.74 0.36 0x0000FF
0.94 -35.13 5.5 -1.62 -32.94 5.2 0.36 0x0000FF
4.04 -38.4 5.73 0.94 -35.13 5.5 0.36 0x0000FF
7.14 -41.14 5.8 4.04 -38.4 5.73 0.36 0x0000FF
11.16 -43.87 5.95 7.14 -41.14 5.8 0.36 0x0000FF
17.18 -47.52 6.18 11.16 -43.87 5.95 0.36 0x0000FF
19.91 -49.34 6.48 17.18 -47.52 6.18 0.36 0x0000FF
24.11 -51.89 6.64 19.91 -49.34 6.48 0.36 0x0000FF
27.58 -56.44 7.47 24.11 -51.89 6.64 0.36 0x0000FF
32.69 -62.46 8.44 27.58 -56.44 7.47 0.36 0x0000FF
36.88 -65.55 8.52 32.69 -62.46 8.44 0.36 0x0000FF
46.73 -71.75 9.67 36.88 -65.55 8.52 0.36 0x0000FF
50.93 -76.84 10.57 46.73 -71.75 9.67 0.36 0x0000FF
56.59 -82.13 10.65 50.93 -76.84 10.57 0.36 0x0000FF
65.34 -92.16 11.79 56.59 -82.13 10.65 0.36 0x0000FF
68.45 -95.43 12.32 65.34 -92.16 11.79 0.36 0x0000FF
-2.57 -35.09 5.5 -3.62 -31.12 4.74 0.46 0x0000FF
-2.57 -39.28 6.18 -2.57 -35.09 5.5 0.46 0x0000FF
-3.67 -45.66 7.32 -2.57 -39.28 6.18 0.46 0x0000FF
-5.12 -50.58 8.44 -3.67 -45.66 7.32 0.36 0x0000FF
-7.31 -55.86 8.76 -5.12 -50.58 8.44 0.36 0x0000FF
-10.23 -60.96 9.89 -7.31 -55.86 8.76 0.36 0x0000FF
-13.7 -67.34 11.33 -10.23 -60.96 9.89 0.36 0x0000FF
-15.71 -70.44 13.0 -13.7 -67.34 11.33 0.36 0x0000FF
-17.89 -73.34 13.68 -15.71 -70.44 13.0 0.36 0x0000FF
-24.46 -81.73 15.2 -17.89 -73.34 13.68 0.28 0x0000FF
-31.4 -86.84 15.8 -24.46 -81.73 15.2 0.28 0x0000FF
-39.61 -93.76 16.63 -31.4 -86.84 15.8 0.28 0x0000FF
-44.53 -99.23 17.54 -39.61 -93.76 16.63 0.28 0x0000FF
-50.19 -106.51 19.05 -44.53 -99.23 17.54 0.28 0x0000FF
-55.12 -114.89 19.97 -50.19 -106.51 19.05 0.28 0x0000FF
-60.23 -128.01 20.88 -55.12 -114.89 19.97 0.28 0x0000FF
-60.62 -153.94 22.62 -60.23 -128.01 20.88 0.28 0x0000FF
-61.53 -158.13 22.92 -60.62 -153.94 22.62 0.28 0x0000FF
-62.26 -160.68 24.44 -61.53 -158.13 22.92 0.28 0x0000FF
-63.18 -163.41 25.88 -62.26 -160.68 24.44 0.28 0x0000FF
-18.66 -80.7 15.5 -17.89 -73.34 13.68 0.28 0x0000FF
-20.3 -87.44 15.73 -18.66 -80.7 15.5 0.28 0x0000FF
-20.12 -94.55 18.0 -20.3 -87.44 15.73 0.28 0x0000FF
-19.93 -99.47 18.91 -20.12 -94.55 18.0 0.28 0x0000FF
-17.2 -106.39 20.27 -19.93 -99.47 18.91 0.28 0x0000FF
-15.19 -109.85 21.86 -17.2 -106.39 20.27 0.28 0x0000FF
-13.0 -113.68 23.83 -15.19 -109.85 21.86 0.28 0x0000FF
-10.26 -119.69 27.01 -13.0 -113.68 23.83 0.28 0x0000FF
-6.8 -127.89 28.53 -10.26 -119.69 27.01 0.28 0x0000FF
-3.51 -138.09 29.82 -6.8 -127.89 28.53 0.28 0x0000FF
-8.8 -152.3 31.41 -3.51 -138.09 29.82 0.28 0x0000FF
-18.66 -159.41 32.54 -8.8 -152.3 31.41 0.28 0x0000FF
-29.79 -166.7 33.53 -18.66 -159.41 32.54 0.28 0x0000FF
-32.97 -27.82 -3.74 -31.96 -17.39 -3.5 1.0 0x0000FF
-32.97 -30.92 -2.23 -32.97 -27.82 -3.74 1.0 0x0000FF
-33.35 -34.01 -0.94 -32.97 -30.92 -2.23 1.0 0x0000FF
-34.99 -36.38 0.12 -33.35 -34.01 -0.94 0.64 0x0000FF
-36.45 -39.11 1.03 -34.99 -36.38 0.12 0.64 0x0000FF
-39.54 -42.58 2.0 -36.45 -39.11 1.03 0.64 0x0000FF
-41.38 -44.22 3.0 -39.54 -42.58 2.0 0.64 0x0000FF
-42.65 -45.13 1.18 -41.38 -44.22 3.0 0.64 0x0000FF
-43.57 -46.04 1.03 -42.65 -45.13 1.18 0.64 0x0000FF
-44.3 -46.77 2.85 -43.57 -46.04 1.03 0.64 0x0000FF
-45.21 -47.86 4.67 -44.3 -46.77 2.85 0.64 0x0000FF
-45.94 -48.59 7.39 -45.21 -47.86 4.67 0.64 0x0000FF
-46.3 -49.32 8.52 -45.94 -48.59 7.39 0.64 0x0000FF
-49.95 -52.6 10.27 -46.3 -49.32 8.52 0.55 0x0000FF
-51.59 -54.42 11.03 -49.95 -52.6 10.27 0.55 0x0000FF
-56.34 -59.7 11.48 -51.59 -54.42 11.03 0.36 0x0000FF
-60.17 -62.25 12.09 -56.34 -59.7 11.48 0.36 0x0000FF
-63.64 -65.34 13.53 -60.17 -62.25 12.09 0.36 0x0000FF
-66.73 -67.54 14.89 -63.64 -65.34 13.53 0.36 0x0000FF
-69.11 -69.0 15.8 -66.73 -67.54 14.89 0.36 0x0000FF
-76.95 -72.45 17.09 -69.11 -69.0 15.8 0.36 0x0000FF
-83.89 -75.19 18.23 -76.95 -72.45 17.09 0.36 0x0000FF
-93.19 -78.47 19.13 -83.89 -75.19 18.23 0.36 0x0000FF
-111.8 -91.41 20.42 -93.19 -78.47 19.13 0.36 0x0000FF
-117.64 -94.69 20.5 -111.8 -91.41 20.42 0.36 0x0000FF
-121.11 -98.15 20.8 -117.64 -94.69 20.5 0.36 0x0000FF
-123.3 -101.79 21.03 -121.11 -98.15 20.8 0.36 0x0000FF
-123.12 -105.44 21.33 -123.3 -101.79 21.03 0.36 0x0000FF
-119.83 -108.9 21.63 -123.12 -105.44 21.33 0.36 0x0000FF
-58.16 -54.42 12.32 -51.59 -54.42 11.03 0.36 0x0000FF
-63.82 -56.24 12.32 -58.16 -54.42 12.32 0.36 0x0000FF
-68.73 -57.34 10.8 -63.82 -56.24 12.32 0.36 0x0000FF
-73.84 -59.16 9.06 -68.73 -57.34 10.8 0.36 0x0000FF
-79.14 -63.35 8.07 -73.84 -59.16 9.06 0.36 0x0000FF
-88.63 -69.0 6.79 -79.14 -63.35 8.07 0.36 0x0000FF
-95.38 -71.73 5.12 -88.63 -69.0 6.79 0.36 0x0000FF
-98.67 -74.09 3.38 -95.38 -71.73 5.12 0.36 0x0000FF
-102.32 -77.01 2.24 -98.67 -74.09 3.38 0.36 0x0000FF
-109.07 -88.67 1.48 -102.32 -77.01 2.24 0.36 0x0000FF
-111.26 -99.24 0.65 -109.07 -88.67 1.48 0.36 0x0000FF
-110.34 -108.72 -0.03 -111.26 -99.24 0.65 0.36 0x0000FF
-31.89 -37.47 -0.41 -33.35 -34.01 -0.94 0.46 0x0000FF
-28.97 -39.47 0.27 -31.89 -37.47 -0.41 0.36 0x0000FF
-28.24 -40.94 0.73 -28.97 -39.47 0.27 0.36 0x0000FF
-26.42 -42.76 1.26 -28.24 -40.94 0.73 0.36 0x0000FF
-25.69 -48.59 1.79 -26.42 -42.76 1.26 0.36 0x0000FF
-24.96 -55.7 2.09 -25.69 -48.59 1.79 0.36 0x0000FF
-22.04 -62.8 2.47 -24.96 -55.7 2.09 0.36 0x0000FF
-18.39 -71.55 3.23 -22.04 -62.8 2.47 0.36 0x0000FF
-16.55 -77.56 2.09 -18.39 -71.55 3.23 0.36 0x0000FF
-14.92 -83.21 1.18 -16.55 -77.56 2.09 0.36 0x0000FF
-12.55 -90.31 0.27 -14.92 -83.21 1.18 0.36 0x0000FF
-11.45 -93.41 -1.17 -12.55 -90.31 0.27 0.36 0x0000FF
-9.99 -96.69 -2.08 -11.45 -93.41 -1.17 0.36 0x0000FF
-9.08 -100.52 -2.91 -9.99 -96.69 -2.08 0.36 0x0000FF
-22.95 -44.58 1.33 -26.42 -42.76 1.26 0.36 0x0000FF
-20.03 -45.49 2.24 -22.95 -44.58 1.33 0.36 0x0000FF
-18.02 -46.22 3.61 -20.03 -45.49 2.24 0.36 0x0000FF
-16.93 -46.77 3.76 -18.02 -46.22 3.61 0.36 0x0000FF
-13.1 -49.86 2.47 -16.93 -46.77 3.76 0.36 0x0000FF
-12.55 -50.41 2.7 -13.1 -49.86 2.47 0.36 0x0000FF
-10.72 -53.14 4.29 -12.55 -50.41 2.7 0.36 0x0000FF
-8.17 -56.42 5.65 -10.72 -53.14 4.29 0.36 0x0000FF
-5.62 -59.34 6.56 -8.17 -56.42 5.65 0.36 0x0000FF
-1.6 -65.17 8.3 -5.62 -59.34 6.56 0.36 0x0000FF
0.95 -69.0 9.74 -1.6 -65.17 8.3 0.36 0x0000FF
4.24 -73.92 10.65 0.95 -69.0 9.74 0.36 0x0000FF
6.79 -77.19 12.24 4.24 -73.92 10.65 0.36 0x0000FF
9.16 -79.38 13.76 6.79 -77.19 12.24 0.36 0x0000FF
13.72 -83.39 14.06 9.16 -79.38 13.76 0.36 0x0000FF
17.19 -87.94 15.27 13.72 -83.39 14.06 0.36 0x0000FF
20.11 -92.32 16.86 17.19 -87.94 15.27 0.36 0x0000FF
25.58 -98.15 18.0 20.11 -92.32 16.86 0.36 0x0000FF
28.69 -101.25 19.73 25.58 -98.15 18.0 0.36 0x0000FF
32.15 -105.98 21.94 28.69 -101.25 19.73 0.36 0x0000FF
34.89 -110.36 23.91 32.15 -105.98 21.94 0.36 0x0000FF
35.97 -112.0 25.12 34.89 -110.36 23.91 0.36 0x0000FF
36.9 -112.91 26.86 35.97 -112.0 25.12 0.36 0x0000FF
38.36 -114.36 28.3 36.9 -112.91 26.86 0.36 0x0000FF
56.5 -132.05 30.19 38.36 -114.36 28.3 0.36 0x0000FF
-42.16 -18.86 -7.3 -31.96 -17.39 -3.5 1.37 0x0000FF
-45.81 -19.95 -7.3 -42.16 -18.86 -7.3 1.37 0x0000FF
-47.46 -21.77 -7.3 -45.81 -19.95 -7.3 1.37 0x0000FF
-48.92 -23.05 -7.3 -47.46 -21.77 -7.3 1.37 0x0000FF
-53.48 -22.68 -7.3 -48.92 -23.05 -7.3 0.82 0x0000FF
-60.59 -21.95 -7.3 -53.48 -22.68 -7.3 0.36 0x0000FF
-66.43 -19.77 -6.47 -60.59 -21.95 -7.3 0.36 0x0000FF
-72.27 -16.85 -5.86 -66.43 -19.77 -6.47 0.36 0x0000FF
-79.2 -13.03 -5.79 -72.27 -16.85 -5.86 0.36 0x0000FF
-82.3 -10.47 -7.08 -79.2 -13.03 -5.79 0.36 0x0000FF
-84.49 -6.65 -8.51 -82.3 -10.47 -7.08 0.36 0x0000FF
-86.68 -3.19 -9.42 -84.49 -6.65 -8.51 0.36 0x0000FF
-89.6 0.28 -11.62 -86.68 -3.19 -9.42 0.36 0x0000FF
-91.06 2.83 -13.51 -89.6 0.28 -11.62 0.36 0x0000FF
-91.97 5.56 -12.83 -91.06 2.83 -13.51 0.36 0x0000FF
-93.62 8.28 -11.24 -91.97 5.56 -12.83 0.36 0x0000FF
-101.64 11.75 -9.11 -93.62 8.28 -11.24 0.36 0x0000FF
-110.22 16.3 -7.68 -101.64 11.75 -9.11 0.36 0x0000FF
-118.79 22.69 -6.7 -110.22 16.3 -7.68 0.36 0x0000FF
-125.0 28.15 -6.17 -118.79 22.69 -6.7 0.36 0x0000FF
-130.47 32.34 -5.11 -125.0 28.15 -6.17 0.36 0x0000FF
-137.59 37.08 -4.65 -130.47 32.34 -5.11 0.36 0x0000FF
-149.08 46.74 -4.2 -137.59 37.08 -4.65 0.36 0x0000FF
-154.01 52.2 -3.67 -149.08 46.74 -4.2 0.36 0x0000FF
-157.84 56.03 -3.29 -154.01 52.2 -3.67 0.36 0x0000FF
-160.94 58.03 -3.21 -157.84 56.03 -3.29 0.36 0x0000FF
-56.94 -23.77 -6.77 -53.48 -22.68 -7.3 0.36 0x0000FF
-58.22 -25.05 -6.09 -56.94 -23.77 -6.77 0.36 0x0000FF
-59.32 -26.87 -5.03 -58.22 -25.05 -6.09 0.36 0x0000FF
-59.5 -27.6 -3.82 -59.32 -26.87 -5.03 0.36 0x0000FF
-59.68 -28.88 -2.52 -59.5 -27.6 -3.82 0.36 0x0000FF
-59.86 -29.61 -1.09 -59.68 -28.88 -2.52 0.36 0x0000FF
-60.05 -30.88 0.12 -59.86 -29.61 -1.09 0.36 0x0000FF
-61.14 -31.61 2.85 -60.05 -30.88 0.12 0.36 0x0000FF
-61.32 -32.34 4.29 -61.14 -31.61 2.85 0.36 0x0000FF
-61.32 -33.25 5.5 -61.32 -32.34 4.29 0.36 0x0000FF
-61.32 -34.52 7.17 -61.32 -33.25 5.5 0.36 0x0000FF
-50.19 -25.41 -6.09 -48.92 -23.05 -7.3 0.73 0x0000FF
-51.1 -28.51 -5.56 -50.19 -25.41 -6.09 0.73 0x0000FF
-49.65 -33.79 -5.48 -51.1 -28.51 -5.56 0.73 0x0000FF
-48.55 -36.71 -5.86 -49.65 -33.79 -5.48 0.73 0x0000FF
-46.18 -41.81 -6.77 -48.55 -36.71 -5.86 0.64 0x0000FF
-43.08 -46.73 -7.83 -46.18 -41.81 -6.77 0.64 0x0000FF
-41.98 -50.74 -7.45 -43.08 -46.73 -7.83 0.64 0x0000FF
-39.97 -53.84 -5.94 -41.98 -50.74 -7.45 0.64 0x0000FF
-39.61 -54.57 -3.89 -39.97 -53.84 -5.94 0.64 0x0000FF
-35.04 -59.49 -2.08 -39.61 -54.57 -3.89 0.55 0x0000FF
-33.95 -61.49 -1.02 -35.04 -59.49 -2.08 0.55 0x0000FF
-30.31 -66.23 1.18 -33.95 -61.49 -1.02 0.55 0x0000FF
-28.66 -69.31 3.83 -30.31 -66.23 1.18 0.55 0x0000FF
-26.47 -73.7 4.29 -28.66 -69.31 3.83 0.55 0x0000FF
-25.74 -74.43 6.86 -26.47 -73.7 4.29 0.55 0x0000FF
-23.37 -76.25 8.44 -25.74 -74.43 6.86 0.55 0x0000FF
-21.18 -77.34 10.42 -23.37 -76.25 8.44 0.46 0x0000FF
-19.54 -78.98 11.1 -21.18 -77.34 10.42 0.46 0x0000FF
-18.98 -79.34 13.91 -19.54 -78.98 11.1 0.46 0x0000FF
-13.88 -80.98 15.04 -18.98 -79.34 13.91 0.46 0x0000FF
-9.51 -82.99 15.8 -13.88 -80.98 15.04 0.46 0x0000FF
-6.59 -85.72 17.54 -9.51 -82.99 15.8 0.36 0x0000FF
-1.3 -91.37 18.91 -6.59 -85.72 17.54 0.36 0x0000FF
-0.93 -91.92 20.57 -1.3 -91.37 18.91 0.36 0x0000FF
0.53 -93.38 22.47 -0.93 -91.92 20.57 0.36 0x0000FF
1.26 -94.47 23.6 0.53 -93.38 22.47 0.36 0x0000FF
1.81 -95.74 24.97 1.26 -94.47 23.6 0.36 0x0000FF
2.54 -97.75 29.59 1.81 -95.74 24.97 0.36 0x0000FF
4.73 -100.85 29.82 2.54 -97.75 29.59 0.36 0x0000FF
-37.95 -6.19 -1.85 -31.96 -17.39 -3.5 2.28 0x0000FF
-38.32 -4.55 -1.32 -37.95 -6.19 -1.85 2.28 0x0000FF
-38.32 -1.28 -0.33 -38.32 -4.55 -1.32 2.28 0x0000FF
-38.32 3.1 -0.26 -38.32 -1.28 -0.33 2.28 0x0000FF
-38.5 6.38 0.2 -38.32 3.1 -0.26 2.28 0x0000FF
-37.95 8.93 0.5 -38.5 6.38 0.2 2.28 0x0000FF
-37.95 10.39 0.65 -37.95 8.93 0.5 2.28 0x0000FF
-41.23 12.75 0.8 -37.95 10.39 0.65 0.55 0x0000FF
-46.16 14.58 1.03 -41.23 12.75 0.8 0.55 0x0000FF
-51.63 16.03 1.33 -46.16 14.58 1.03 0.55 0x0000FF
-58.75 21.32 1.48 -51.63 16.03 1.33 0.36 0x0000FF
-64.95 24.23 1.64 -58.75 21.32 1.48 0.36 0x0000FF
-110.93 38.81 2.17 -64.95 24.23 1.64 0.36 0x0000FF
-125.53 38.44 2.24 -110.93 38.81 2.17 0.36 0x0000FF
-35.58 19.5 1.33 -37.95 10.39 0.65 1.46 0x0000FF
-31.75 20.04 2.09 -35.58 19.5 1.33 0.46 0x0000FF
-27.55 19.86 2.77 -31.75 20.04 2.09 0.46 0x0000FF
-23.72 19.86 3.23 -27.55 19.86 2.77 0.46 0x0000FF
-21.89 19.3 5.04 -23.72 19.86 3.23 0.46 0x0000FF
-18.61 19.68 5.27 -21.89 19.3 5.04 0.28 0x0000FF
-16.42 19.86 6.48 -18.61 19.68 5.27 0.28 0x0000FF
-12.04 19.13 7.39 -16.42 19.86 6.48 0.28 0x0000FF
-8.76 17.86 8.52 -12.04 19.13 7.39 0.28 0x0000FF
-6.2 16.39 8.98 -8.76 17.86 8.52 0.28 0x0000FF
-4.01 15.3 9.67 -6.2 16.39 8.98 0.28 0x0000FF
-2.0 14.39 10.57 -4.01 15.3 9.67 0.28 0x0000FF
0.0 13.85 11.33 -2.0 14.39 10.57 0.28 0x0000FF
1.28 13.3 12.09 0.0 13.85 11.33 0.28 0x0000FF
4.93 12.94 13.23 1.28 13.3 12.09 0.28 0x0000FF
7.48 12.39 14.44 4.93 12.94 13.23 0.28 0x0000FF
10.22 12.03 15.65 7.48 12.39 14.44 0.28 0x0000FF
12.41 11.3 16.55 10.22 12.03 15.65 0.28 0x0000FF
14.23 10.93 17.39 12.41 11.3 16.55 0.28 0x0000FF
17.52 9.66 19.44 14.23 10.93 17.39 0.28 0x0000FF
21.35 8.19 20.65 17.52 9.66 19.44 0.28 0x0000FF
26.64 8.38 22.47 21.35 8.19 20.65 0.28 0x0000FF
45.61 13.66 23.45 26.64 8.38 22.47 0.28 0x0000FF
51.45 16.22 23.91 45.61 13.66 23.45 0.28 0x0000FF
56.2 18.95 24.66 51.45 16.22 23.91 0.28 0x0000FF
28.83 6.74 22.47 26.64 8.38 22.47 0.28 0x0000FF
30.65 6.19 22.47 28.83 6.74 22.47 0.28 0x0000FF
32.65 5.65 21.86 30.65 6.19 22.47 0.28 0x0000FF
35.58 5.09 20.27 32.65 5.65 21.86 0.28 0x0000FF
-36.13 23.69 3.23 -35.58 19.5 1.33 1.55 0x0000FF
-37.59 30.25 3.98 -36.13 23.69 3.23 1.55 0x0000FF
-38.68 35.89 5.12 -37.59 30.25 3.98 1.55 0x0000FF
-41.05 43.73 6.56 -38.68 35.89 5.12 1.55 0x0000FF
-42.33 47.92 7.62 -41.05 43.73 6.56 1.55 0x0000FF
-45.61 55.57 8.76 -42.33 47.92 7.62 1.55 0x0000FF
-52.36 66.14 9.82 -45.61 55.57 8.76 1.55 0x0000FF
-53.46 68.87 10.19 -52.36 66.14 9.82 1.55 0x0000FF
-66.55 107.71 11.33 -53.46 68.87 10.19 1.55 0x0000FF
-75.67 125.75 11.71 -66.55 107.71 11.33 1.55 0x0000FF
-79.86 144.69 12.47 -75.67 125.75 11.71 1.55 0x0000FF
-82.42 155.81 13.68 -79.86 144.69 12.47 1.55 0x0000FF
-84.79 162.19 14.82 -82.42 155.81 13.68 1.55 0x0000FF
-87.38 181.65 16.03 -84.79 162.19 14.82 1.46 0x0000FF
-89.02 187.85 17.16 -87.38 181.65 16.03 1.46 0x0000FF
-89.57 189.49 17.92 -89.02 187.85 17.16 1.46 0x0000FF
-90.66 192.59 19.89 -89.57 189.49 17.92 1.46 0x0000FF
-92.12 196.59 21.18 -90.66 192.59 19.89 1.46 0x0000FF
-94.68 202.79 22.54 -92.12 196.59 21.18 1.46 0x0000FF
-99.97 213.72 23.68 -94.68 202.79 22.54 1.37 0x0000FF
-104.35 222.28 24.13 -99.97 213.72 23.68 1.37 0x0000FF
-106.9 232.12 25.42 -104.35 222.28 24.13 1.37 0x0000FF
-108.18 236.13 27.16 -106.9 232.12 25.42 1.37 0x0000FF
-109.09 237.77 29.28 -108.18 236.13 27.16 1.37 0x0000FF
-114.02 241.78 30.27 -109.09 237.77 29.28 0.82 0x0000FF
-119.67 248.7 30.95 -114.02 241.78 30.27 0.82 0x0000FF
-121.5 253.26 31.63 -119.67 248.7 30.95 0.82 0x0000FF
-122.78 256.36 32.31 -121.5 253.26 31.63 0.82 0x0000FF
-124.39 261.62 32.85 -122.78 256.36 32.31 0.73 0x0000FF
-125.12 263.99 33.68 -124.39 261.62 32.85 0.73 0x0000FF
-125.66 267.64 35.19 -125.12 263.99 33.68 0.73 0x0000FF
-126.03 269.45 34.51 -125.66 267.64 35.19 0.73 0x0000FF
-126.58 272.56 32.85 -126.03 269.45 34.51 0.73 0x0000FF
-126.94 274.74 31.48 -126.58 272.56 32.85 0.73 0x0000FF
-127.12 276.93 29.13 -126.94 274.74 31.48 0.73 0x0000FF
-127.12 277.48 27.69 -127.12 276.93 29.13 0.73 0x0000FF
-126.76 281.3 25.88 -127.12 277.48 27.69 0.73 0x0000FF
-126.21 284.76 24.59 -126.76 281.3 25.88 0.64 0x0000FF
-125.85 288.77 23.38 -126.21 284.76 24.59 0.64 0x0000FF
-125.48 295.33 22.32 -125.85 288.77 23.38 0.64 0x0000FF
-125.66 303.52 21.33 -125.48 295.33 22.32 0.64 0x0000FF
-131.87 309.91 20.57 -125.66 303.52 21.33 0.36 0x0000FF
-137.88 312.27 20.5 -131.87 309.91 20.57 0.36 0x0000FF
-142.81 315.56 20.19 -137.88 312.27 20.5 0.36 0x0000FF
-145.72 320.47 19.82 -142.81 315.56 20.19 0.36 0x0000FF
-151.94 331.41 19.13 -145.72 320.47 19.82 0.36 0x0000FF
-160.51 339.79 18.76 -151.94 331.41 19.13 0.36 0x0000FF
-169.63 345.25 18.14 -160.51 339.79 18.76 0.36 0x0000FF
-176.38 349.99 17.77 -169.63 345.25 18.14 0.28 0x0000FF
-186.11 354.98 17.7 -176.38 349.99 17.77 0.18 0x0000FF
-197.97 361.9 17.39 -186.11 354.98 17.7 0.18 0x0000FF
-211.84 371.38 16.94 -197.97 361.9 17.39 0.18 0x0000FF
-229.9 381.4 16.48 -211.84 371.38 16.94 0.18 0x0000FF
-124.63 306.51 21.56 -125.66 303.52 21.33 0.36 0x0000FF
-123.71 307.61 22.62 -124.63 306.51 21.56 0.36 0x0000FF
-123.53 307.79 21.63 -123.71 307.61 22.62 0.36 0x0000FF
-122.07 309.25 19.44 -123.53 307.79 21.63 0.36 0x0000FF
-120.98 310.33 18.53 -122.07 309.25 19.44 0.36 0x0000FF
-120.07 311.98 17.16 -120.98 310.33 18.53 0.36 0x0000FF
-119.88 315.26 16.18 -120.07 311.98 17.16 0.36 0x0000FF
-120.8 318.72 15.2 -119.88 315.26 16.18 0.36 0x0000FF
-121.53 322.36 14.29 -120.8 318.72 15.2 0.36 0x0000FF
-121.89 324.55 13.07 -121.53 322.36 14.29 0.36 0x0000FF
-122.07 326.55 12.32 -121.89 324.55 13.07 0.36 0x0000FF
-122.26 328.56 11.71 -122.07 326.55 12.32 0.36 0x0000FF
-123.53 331.66 9.59 -122.26 328.56 11.71 0.36 0x0000FF
-124.26 332.75 9.14 -123.53 331.66 9.59 0.36 0x0000FF
-128.09 334.75 8.52 -124.26 332.75 9.14 0.36 0x0000FF
-130.65 337.67 8.07 -128.09 334.75 8.52 0.36 0x0000FF
-134.11 340.22 7.01 -130.65 337.67 8.07 0.36 0x0000FF
-135.38 341.68 5.88 -134.11 340.22 7.01 0.36 0x0000FF
-138.68 343.86 4.51 -135.38 341.68 5.88 0.36 0x0000FF
-139.94 344.41 3.08 -138.68 343.86 4.51 0.36 0x0000FF
-141.96 345.5 1.79 -139.94 344.41 3.08 0.36 0x0000FF
-145.79 346.96 0.42 -141.96 345.5 1.79 0.36 0x0000FF
-153.44 350.42 -0.41 -145.79 346.96 0.42 0.36 0x0000FF
-162.38 354.61 -0.79 -153.44 350.42 -0.41 0.36 0x0000FF
-178.09 360.63 -1.77 -162.38 354.61 -0.79 0.36 0x0000FF
-220.23 383.58 -2.61 -178.09 360.63 -1.77 0.36 0x0000FF
-255.45 398.16 -3.14 -220.23 383.58 -2.61 0.36 0x0000FF
-124.81 339.13 8.38 -124.26 332.75 9.14 0.36 0x0000FF
-123.9 346.23 8.44 -124.81 339.13 8.38 0.36 0x0000FF
-120.98 351.88 8.98 -123.9 346.23 8.44 0.36 0x0000FF
-118.61 359.35 8.98 -120.98 351.88 8.98 0.36 0x0000FF
-114.04 367.37 9.36 -118.61 359.35 8.98 0.36 0x0000FF
-108.39 373.93 9.36 -114.04 367.37 9.36 0.36 0x0000FF
-103.46 378.66 9.67 -108.39 373.93 9.36 0.36 0x0000FF
-108.57 239.42 29.36 -109.09 237.77 29.28 1.0 0x0000FF
-108.93 240.15 30.12 -108.57 239.42 29.36 1.0 0x0000FF
-109.3 241.61 30.5 -108.93 240.15 30.12 1.0 0x0000FF
-109.3 242.88 31.71 -109.3 241.61 30.5 1.0 0x0000FF
-109.84 245.07 33.68 -109.3 242.88 31.71 1.0 0x0000FF
-110.94 248.17 34.21 -109.84 245.07 33.68 0.91 0x0000FF
-112.03 250.9 34.81 -110.94 248.17 34.21 0.91 0x0000FF
-113.68 255.46 36.25 -112.03 250.9 34.81 0.91 0x0000FF
-115.13 258.74 36.78 -113.68 255.46 36.25 0.91 0x0000FF
-116.78 262.02 37.84 -115.13 258.74 36.78 0.91 0x0000FF
-118.24 264.57 39.97 -116.78 262.02 37.84 0.91 0x0000FF
-119.88 267.66 40.86 -118.24 264.57 39.97 0.91 0x0000FF
-120.97 271.49 42.24 -119.88 267.66 40.86 0.91 0x0000FF
-121.89 275.68 43.45 -120.97 271.49 42.24 0.91 0x0000FF
-122.98 279.69 44.21 -121.89 275.68 43.45 0.91 0x0000FF
-124.26 285.88 45.04 -122.98 279.69 44.21 0.91 0x0000FF
-124.62 290.99 45.95 -124.26 285.88 45.04 0.91 0x0000FF
-125.53 297.36 46.86 -124.62 290.99 45.95 0.73 0x0000FF
-125.9 300.27 47.16 -125.53 297.36 46.86 0.73 0x0000FF
-126.99 305.38 48.0 -125.9 300.27 47.16 0.64 0x0000FF
-126.99 307.38 48.37 -126.99 305.38 48.0 0.64 0x0000FF
-126.99 309.57 48.9 -126.99 307.38 48.37 0.64 0x0000FF
-127.91 313.02 48.15 -126.99 309.57 48.9 0.55 0x0000FF
-129.0 315.95 47.39 -127.91 313.02 48.15 0.46 0x0000FF
-129.55 317.04 46.93 -129.0 315.95 47.39 0.46 0x0000FF
-130.46 318.68 45.95 -129.55 317.04 46.93 0.46 0x0000FF
-131.56 320.87 45.19 -130.46 318.68 45.95 0.46 0x0000FF
-132.47 323.6 45.04 -131.56 320.87 45.19 0.46 0x0000FF
-133.38 325.97 44.97 -132.47 323.6 45.04 0.46 0x0000FF
-134.29 328.52 44.89 -133.38 325.97 44.97 0.46 0x0000FF
-135.02 330.52 44.89 -134.29 328.52 44.89 0.46 0x0000FF
-135.75 332.71 44.59 -135.02 330.52 44.89 0.46 0x0000FF
125.27 -126.54 7.17 121.39 -126.73 7.47 0.28 0x0000FF
125.27 -126.55 7.16 121.39 -126.73 7.47 0.28 0x0000FF
127.99 -126.42 6.98 125.27 -126.54 7.17 0.28 0x0000FF
128.16 -126.43 6.97 127.99 -126.42 6.98 0.28 0x0000FF
129.61 -126.41 7.0 128.16 -126.43 6.97 0.28 0x0000FF
130.16 -126.39 7.06 129.61 -126.41 7.0 0.28 0x0000FF
135.21 -125.82 7.43 130.16 -126.39 7.06 0.28 0x0000FF
136.09 -125.67 7.55 135.21 -125.82 7.43 0.28 0x0000FF
147.76 -124.24 10.17 136.09 -125.67 7.55 0.28 0x0000FF
148.14 -124.17 10.29 147.76 -124.24 10.17 0.28 0x0000FF
151.46 -123.62 11.64 148.14 -124.17 10.29 0.28 0x0000FF
156.13 -122.39 13.56 151.46 -123.62 11.64 0.28 0x0000FF
156.49 -122.32 13.72 156.13 -122.39 13.56 0.28 0x0000FF
159.93 -121.94 15.57 156.49 -122.32 13.72 0.28 0x0000FF
161.67 -121.82 16.32 159.93 -121.94 15.57 0.28 0x0000FF
163.23 -121.57 17.07 161.67 -121.82 16.32 0.28 0x0000FF
163.84 -121.42 17.4 163.23 -121.57 17.07 0.28 0x0000FF
167.86 -120.23 20.03 163.84 -121.42 17.4 0.28 0x0000FF
171.5 -119.51 22.2 167.86 -120.23 20.03 0.28 0x0000FF
171.64 -119.5 22.29 171.5 -119.51 22.2 0.28 0x0000FF
171.8 -119.48 22.37 171.64 -119.5 22.29 0.28 0x0000FF
174.82 -119.34 23.98 171.8 -119.48 22.37 0.28 0x0000FF
175.39 -119.37 24.3 174.82 -119.34 23.98 0.28 0x0000FF
178.74 -119.22 26.14 175.39 -119.37 24.3 0.28 0x0000FF
179.51 -119.1 26.59 178.74 -119.22 26.14 0.28 0x0000FF
181.77 -118.77 27.65 179.51 -119.1 26.59 0.28 0x0000FF
182.63 -118.58 28.0 181.77 -118.77 27.65 0.28 0x0000FF
186.16 -118.1 29.26 182.63 -118.58 28.0 0.28 0x0000FF
203.31 -114.23 36.06 186.16 -118.1 29.26 0.28 0x0000FF
203.68 -114.18 36.2 203.31 -114.23 36.06 0.28 0x0000FF
204.18 -114.08 36.41 203.68 -114.18 36.2 0.28 0x0000FF
207.55 -113.61 37.66 204.18 -114.08 36.41 0.28 0x0000FF
208.72 -113.33 38.1 207.55 -113.61 37.66 0.28 0x0000FF
134.08 -126.31 5.61 125.27 -126.55 7.16 0.28 0x0000FF
135.55 -126.39 5.32 134.08 -126.31 5.61 0.28 0x0000FF
135.9 -126.42 5.28 135.55 -126.39 5.32 0.28 0x0000FF
151.57 -129.11 3.75 135.9 -126.42 5.28 0.28 0x0000FF
151.74 -129.15 3.73 151.57 -129.11 3.75 0.28 0x0000FF
153.29 -129.67 3.54 151.74 -129.15 3.73 0.28 0x0000FF
167.65 -133.88 0.61 153.29 -129.67 3.54 0.28 0x0000FF
172.06 -135.2 0.11 167.65 -133.88 0.61 0.28 0x0000FF
187.04 -139.72 -0.19 172.06 -135.2 0.11 0.28 0x0000FF
187.38 -139.79 -0.21 187.04 -139.72 -0.19 0.28 0x0000FF
189.1 -140.06 -0.43 187.38 -139.79 -0.21 0.28 0x0000FF
189.27 -140.07 -0.44 189.1 -140.06 -0.43 0.28 0x0000FF
192.62 -140.31 -1.11 189.27 -140.07 -0.44 0.28 0x0000FF
193.01 -140.37 -1.19 192.62 -140.31 -1.11 0.28 0x0000FF
193.4 -140.4 -1.28 193.01 -140.37 -1.19 0.28 0x0000FF
195.63 -140.7 -1.93 193.4 -140.4 -1.28 0.28 0x0000FF
196.02 -140.78 -2.02 195.63 -140.7 -1.93 0.28 0x0000FF
196.39 -140.85 -2.15 196.02 -140.78 -2.02 0.28 0x0000FF
199.7 -141.67 -3.02 196.39 -140.85 -2.15 0.28 0x0000FF
199.87 -141.71 -3.05 199.7 -141.67 -3.02 0.28 0x0000FF
199.92 -141.72 -3.06 199.87 -141.71 -3.05 0.28 0x0000FF
199.97 -141.73 -3.07 199.92 -141.72 -3.06 0.28 0x0000FF
200.4 -141.82 -3.18 199.97 -141.73 -3.07 0.28 0x0000FF
200.92 -141.89 -3.35 200.4 -141.82 -3.18 0.28 0x0000FF
203.25 -142.44 -4.15 200.92 -141.89 -3.35 0.28 0x0000FF
203.57 -142.53 -4.24 203.25 -142.44 -4.15 0.28 0x0000FF
203.62 -142.55 -4.25 203.57 -142.53 -4.24 0.28 0x0000FF
203.78 -142.59 -4.29 203.62 -142.55 -4.25 0.28 0x0000FF
206.91 -143.25 -5.2 203.78 -142.59 -4.29 0.28 0x0000FF
208.49 -143.5 -5.78 206.91 -143.25 -5.2 0.28 0x0000FF
210.1 -143.62 -6.3 208.49 -143.5 -5.78 0.28 0x0000FF
212.8 -143.59 -7.07 210.1 -143.62 -6.3 0.28 0x0000FF
0.24 -21.67 7.06 -3.59 -21.97 4.82 0.28 0x0000FF
0.37 -22.27 6.83 -3.59 -21.97 4.82 0.28 0x0000FF
0.39 -21.67 7.16 0.24 -21.67 7.06 0.28 0x0000FF
6.22 -21.2 11.19 0.37 -22.27 6.83 0.28 0x0000FF
1.35 -22.39 7.42 0.37 -22.27 6.83 0.28 0x0000FF
6.39 -22.57 10.9 0.39 -21.67 7.16 0.28 0x0000FF
33.05 -1.76 -19.93 32.69 -2.15 -18.51 0.36 0x0000FF
33.05 -1.77 -19.93 32.69 -2.15 -18.51 0.36 0x0000FF
33.63 -0.63 -22.39 33.05 -1.76 -19.93 0.36 0x0000FF
34.59 2.32 -29.33 33.63 -0.63 -22.39 0.36 0x0000FF
34.63 2.39 -29.48 34.59 2.32 -29.33 0.36 0x0000FF
34.65 2.46 -29.64 34.63 2.39 -29.48 0.36 0x0000FF
35.25 4.09 -32.77 34.65 2.46 -29.64 0.36 0x0000FF
35.29 4.16 -32.93 35.25 4.09 -32.77 0.36 0x0000FF
36.12 5.23 -35.96 35.29 4.16 -32.93 0.36 0x0000FF
37.45 7.59 -41.18 36.12 5.23 -35.96 0.36 0x0000FF
37.99 8.67 -43.09 37.45 7.59 -41.18 0.36 0x0000FF
34.42 -0.78 -24.23 33.05 -1.77 -19.93 0.36 0x0000FF
34.81 -0.55 -25.72 34.42 -0.78 -24.23 0.36 0x0000FF
34.82 -0.55 -25.76 34.81 -0.55 -25.72 0.36 0x0000FF
34.94 -0.5 -26.14 34.82 -0.55 -25.76 0.36 0x0000FF
36.62 -0.05 -30.43 34.94 -0.5 -26.14 0.36 0x0000FF
36.7 -0.04 -30.58 36.62 -0.05 -30.43 0.36 0x0000FF
37.76 0.23 -32.43 36.7 -0.04 -30.58 0.36 0x0000FF
38.47 0.3 -33.52 37.76 0.23 -32.43 0.36 0x0000FF
45.04 1.5 -42.35 38.47 0.3 -33.52 0.36 0x0000FF
63.87 21.54 33.09 60.05 20.81 29.44 0.36 0x0000FF
64.15 21.81 32.71 60.05 20.81 29.44 0.36 0x0000FF
65.0 21.61 34.16 63.87 21.54 33.09 0.36 0x0000FF
68.02 21.46 36.81 65.0 21.61 34.16 0.36 0x0000FF
68.31 21.45 37.02 68.02 21.46 36.81 0.36 0x0000FF
69.67 21.44 37.85 68.31 21.45 37.02 0.36 0x0000FF
70.48 21.52 38.35 69.67 21.44 37.85 0.36 0x0000FF
71.18 21.62 38.71 70.48 21.52 38.35 0.36 0x0000FF
75.26 22.15 41.29 71.18 21.62 38.71 0.36 0x0000FF
77.26 22.58 42.44 75.26 22.15 41.29 0.36 0x0000FF
86.76 24.09 48.79 77.26 22.58 42.44 0.36 0x0000FF
92.85 25.05 53.69 86.76 24.09 48.79 0.36 0x0000FF
92.99 25.06 53.79 92.85 25.05 53.69 0.36 0x0000FF
93.65 25.06 54.2 92.99 25.06 53.79 0.36 0x0000FF
64.57 21.9 32.97 64.15 21.81 32.71 0.36 0x0000FF
65.14 22.08 33.34 64.57 21.9 32.97 0.36 0x0000FF
66.98 22.5 34.65 65.14 22.08 33.34 0.36 0x0000FF
67.83 22.6 35.26 66.98 22.5 34.65 0.36 0x0000FF
70.09 23.12 36.95 67.83 22.6 35.26 0.36 0x0000FF
79.72 25.15 45.53 70.09 23.12 36.95 0.36 0x0000FF
79.99 25.22 45.81 79.72 25.15 45.53 0.36 0x0000FF
80.1 25.25 45.95 79.99 25.22 45.81 0.36 0x0000FF
80.63 25.29 46.61 80.1 25.25 45.95 0.36 0x0000FF
80.76 25.29 46.73 80.63 25.29 46.61 0.36 0x0000FF
80.89 25.3 46.85 80.76 25.29 46.73 0.36 0x0000FF
81.37 25.31 47.35 80.89 25.3 46.85 0.36 0x0000FF
81.48 25.32 47.48 81.37 25.31 47.35 0.36 0x0000FF
85.21 25.33 52.62 81.48 25.32 47.48 0.36 0x0000FF
85.5 25.31 52.97 85.21 25.33 52.62 0.36 0x0000FF
89.56 25.33 58.56 85.5 25.31 52.97 0.36 0x0000FF
-25.57 -69.78 39.8 -22.6 -65.01 33.75 0.28 0x0000FF
-25.49 -69.06 40.34 -22.6 -65.01 33.75 0.28 0x0000FF
-25.96 -70.33 40.4 -25.57 -69.78 39.8 0.28 0x0000FF
-27.7 -73.39 43.33 -25.96 -70.33 40.4 0.28 0x0000FF
-30.72 -77.76 48.29 -27.7 -73.39 43.33 0.28 0x0000FF
-40.32 -88.62 61.59 -30.72 -77.76 48.29 0.28 0x0000FF
-25.64 -69.27 40.65 -25.49 -69.06 40.34 0.28 0x0000FF
-25.79 -69.47 40.89 -25.64 -69.27 40.65 0.28 0x0000FF
-25.96 -69.72 41.15 -25.79 -69.47 40.89 0.28 0x0000FF
-26.11 -69.92 41.4 -25.96 -69.72 41.15 0.28 0x0000FF
-32.65 -76.67 50.45 -26.11 -69.92 41.4 0.28 0x0000FF
-33.17 -77.12 51.04 -32.65 -76.67 50.45 0.28 0x0000FF
-33.43 -77.35 51.4 -33.17 -77.12 51.04 0.28 0x0000FF
-33.68 -77.63 51.8 -33.43 -77.35 51.4 0.28 0x0000FF
-34.98 -78.92 54.14 -33.68 -77.63 51.8 0.28 0x0000FF
-35.41 -79.25 54.8 -34.98 -78.92 54.14 0.28 0x0000FF
-35.7 -79.5 55.19 -35.41 -79.25 54.8 0.28 0x0000FF
-36.54 -80.09 56.42 -35.7 -79.5 55.19 0.28 0x0000FF
-36.99 -80.33 57.03 -36.54 -80.09 56.42 0.28 0x0000FF
-37.89 -80.67 58.12 -36.99 -80.33 57.03 0.28 0x0000FF
-43.12 -82.11 63.58 -37.89 -80.67 58.12 0.28 0x0000FF
68.58 -95.55 12.33 65.34 -92.16 11.79 0.36 0x0000FF
68.56 -95.56 12.35 65.34 -92.16 11.79 0.36 0x0000FF
74.44 -101.74 12.24 68.58 -95.55 12.33 0.36 0x0000FF
75.02 -102.42 12.16 74.44 -101.74 12.24 0.36 0x0000FF
75.14 -102.55 12.16 75.02 -102.42 12.16 0.36 0x0000FF
75.26 -102.68 12.17 75.14 -102.55 12.16 0.36 0x0000FF
75.85 -103.34 12.31 75.26 -102.68 12.17 0.36 0x0000FF
76.05 -103.62 12.36 75.85 -103.34 12.31 0.36 0x0000FF
77.08 -105.26 12.58 76.05 -103.62 12.36 0.36 0x0000FF
78.12 -107.05 12.97 77.08 -105.26 12.58 0.36 0x0000FF
78.72 -108.26 13.32 78.12 -107.05 12.97 0.36 0x0000FF
79.78 -110.38 13.72 78.72 -108.26 13.32 0.36 0x0000FF
79.97 -110.73 13.75 79.78 -110.38 13.72 0.36 0x0000FF
80.06 -110.88 13.78 79.97 -110.73 13.75 0.36 0x0000FF
80.28 -111.37 13.88 80.06 -110.88 13.78 0.36 0x0000FF
82.63 -115.46 14.78 80.28 -111.37 13.88 0.36 0x0000FF
83.1 -116.49 14.99 82.63 -115.46 14.78 0.36 0x0000FF
84.6 -119.1 15.61 83.1 -116.49 14.99 0.36 0x0000FF
85.02 -119.7 15.78 84.6 -119.1 15.61 0.36 0x0000FF
94.38 -135.51 21.16 85.02 -119.7 15.78 0.36 0x0000FF
69.11 -96.23 12.59 68.56 -95.56 12.35 0.36 0x0000FF
69.58 -96.76 12.84 69.11 -96.23 12.59 0.36 0x0000FF
72.03 -99.42 14.5 69.58 -96.76 12.84 0.36 0x0000FF
72.52 -100.07 14.89 72.03 -99.42 14.5 0.36 0x0000FF
72.83 -100.53 15.1 72.52 -100.07 14.89 0.36 0x0000FF
74.44 -102.78 16.46 72.83 -100.53 15.1 0.36 0x0000FF
76.5 -105.29 17.82 74.44 -102.78 16.46 0.36 0x0000FF
76.77 -105.64 18.05 76.5 -105.29 17.82 0.36 0x0000FF
76.8 -105.67 18.08 76.77 -105.64 18.05 0.36 0x0000FF
77.24 -106.21 18.47 76.8 -105.67 18.08 0.36 0x0000FF
78.19 -107.44 19.17 77.24 -106.21 18.47 0.36 0x0000FF
78.29 -107.55 19.25 78.19 -107.44 19.17 0.36 0x0000FF
78.73 -108.01 19.66 78.29 -107.55 19.25 0.36 0x0000FF
78.84 -108.11 19.75 78.73 -108.01 19.66 0.36 0x0000FF
78.94 -108.21 19.84 78.84 -108.11 19.75 0.36 0x0000FF
79.21 -108.45 20.02 78.94 -108.21 19.84 0.36 0x0000FF
80.64 -109.91 21.29 79.21 -108.45 20.02 0.36 0x0000FF
80.73 -110.02 21.38 80.64 -109.91 21.29 0.36 0x0000FF
80.82 -110.14 21.47 80.73 -110.02 21.38 0.36 0x0000FF
88.85 -121.03 32.26 80.82 -110.14 21.47 0.36 0x0000FF
90.46 -123.61 34.4 88.85 -121.03 32.26 0.36 0x0000FF
91.01 -124.64 35.34 90.46 -123.61 34.4 0.36 0x0000FF
91.72 -126.17 36.51 91.01 -124.64 35.34 0.36 0x0000FF
92.07 -126.96 37.01 91.72 -126.17 36.51 0.36 0x0000FF
92.85 -128.55 38.23 92.07 -126.96 37.01 0.36 0x0000FF
-63.35 -164.15 26.25 -62.26 -160.68 24.44 0.28 0x0000FF
-63.49 -164.1 26.26 -62.26 -160.68 24.44 0.28 0x0000FF
-64.15 -166.52 27.47 -63.35 -164.15 26.25 0.28 0x0000FF
-64.19 -166.66 27.56 -64.15 -166.52 27.47 0.28 0x0000FF
-64.48 -168.06 28.38 -64.19 -166.66 27.56 0.28 0x0000FF
-64.5 -168.22 28.46 -64.48 -168.06 28.38 0.28 0x0000FF
-64.52 -168.37 28.55 -64.5 -168.22 28.46 0.28 0x0000FF
-65.09 -170.67 30.09 -64.52 -168.37 28.55 0.28 0x0000FF
-65.14 -170.96 30.27 -65.09 -170.67 30.09 0.28 0x0000FF
-65.16 -171.1 30.37 -65.14 -170.96 30.27 0.28 0x0000FF
-65.22 -171.31 30.55 -65.16 -171.1 30.37 0.28 0x0000FF
-65.57 -172.59 31.43 -65.22 -171.31 30.55 0.28 0x0000FF
-65.63 -172.89 31.6 -65.57 -172.59 31.43 0.28 0x0000FF
-65.73 -173.77 32.07 -65.63 -172.89 31.6 0.28 0x0000FF
-65.74 -173.81 32.1 -65.73 -173.77 32.07 0.28 0x0000FF
-65.76 -173.95 32.2 -65.74 -173.81 32.1 0.28 0x0000FF
-66.33 -179.45 35.61 -65.76 -173.95 32.2 0.28 0x0000FF
-66.49 -180.21 36.08 -66.33 -179.45 35.61 0.28 0x0000FF
-66.9 -183.89 38.11 -66.49 -180.21 36.08 0.28 0x0000FF
-66.93 -184.21 38.25 -66.9 -183.89 38.11 0.28 0x0000FF
-66.95 -184.47 38.34 -66.93 -184.21 38.25 0.28 0x0000FF
-66.96 -184.63 38.41 -66.95 -184.47 38.34 0.28 0x0000FF
-66.95 -185.0 38.56 -66.96 -184.63 38.41 0.28 0x0000FF
-66.2 -192.77 41.14 -66.95 -185.0 38.56 0.28 0x0000FF
-66.19 -193.49 41.37 -66.2 -192.77 41.14 0.28 0x0000FF
-66.11 -195.53 41.87 -66.19 -193.49 41.37 0.28 0x0000FF
-66.31 -199.56 42.92 -66.11 -195.53 41.87 0.28 0x0000FF
-66.17 -203.03 43.78 -66.31 -199.56 42.92 0.28 0x0000FF
-66.25 -212.64 46.95 -66.17 -203.03 43.78 0.28 0x0000FF
-66.24 -212.79 47.01 -66.25 -212.64 46.95 0.28 0x0000FF
-63.65 -164.38 26.42 -63.49 -164.1 26.26 0.28 0x0000FF
-63.74 -164.51 26.48 -63.65 -164.38 26.42 0.28 0x0000FF
-65.47 -167.41 27.67 -63.74 -164.51 26.48 0.28 0x0000FF
-65.72 -167.84 27.89 -65.47 -167.41 27.67 0.28 0x0000FF
-65.74 -167.88 27.92 -65.72 -167.84 27.89 0.28 0x0000FF
-70.3 -175.3 31.88 -65.74 -167.88 27.92 0.28 0x0000FF
-70.39 -175.44 31.94 -70.3 -175.3 31.88 0.28 0x0000FF
-88.98 -198.32 42.1 -70.39 -175.44 31.94 0.28 0x0000FF
-89.01 -198.35 42.12 -88.98 -198.32 42.1 0.28 0x0000FF
-89.55 -199.01 42.41 -89.01 -198.35 42.12 0.28 0x0000FF
-93.59 -203.12 44.34 -89.55 -199.01 42.41 0.28 0x0000FF
-93.84 -203.41 44.45 -93.59 -203.12 44.34 0.28 0x0000FF
-93.95 -203.53 44.48 -93.84 -203.41 44.45 0.28 0x0000FF
-94.24 -203.88 44.59 -93.95 -203.53 44.48 0.28 0x0000FF
-29.94 -166.79 33.56 -18.66 -159.41 32.54 0.28 0x0000FF
-29.93 -166.8 33.53 -18.66 -159.41 32.54 0.28 0x0000FF
-41.11 -175.16 35.99 -29.94 -166.79 33.56 0.28 0x0000FF
-41.24 -175.27 36.03 -41.11 -175.16 35.99 0.28 0x0000FF
-41.49 -175.52 36.1 -41.24 -175.27 36.03 0.28 0x0000FF
-41.6 -175.65 36.13 -41.49 -175.52 36.1 0.28 0x0000FF
-41.81 -175.92 36.17 -41.6 -175.65 36.13 0.28 0x0000FF
-48.75 -183.42 37.84 -41.81 -175.92 36.17 0.28 0x0000FF
-49.82 -184.61 38.25 -48.75 -183.42 37.84 0.28 0x0000FF
-51.17 -186.11 38.58 -49.82 -184.61 38.25 0.28 0x0000FF
-52.34 -187.55 39.02 -51.17 -186.11 38.58 0.28 0x0000FF
-52.44 -187.68 39.08 -52.34 -187.55 39.02 0.28 0x0000FF
-52.92 -188.19 39.34 -52.44 -187.68 39.08 0.28 0x0000FF
-53.03 -188.32 39.38 -52.92 -188.19 39.34 0.28 0x0000FF
-54.47 -189.78 39.83 -53.03 -188.32 39.38 0.28 0x0000FF
-54.67 -189.96 39.88 -54.47 -189.78 39.83 0.28 0x0000FF
-54.81 -190.07 39.89 -54.67 -189.96 39.88 0.28 0x0000FF
-54.94 -190.19 39.92 -54.81 -190.07 39.89 0.28 0x0000FF
-57.21 -191.98 40.6 -54.94 -190.19 39.92 0.28 0x0000FF
-57.35 -192.09 40.62 -57.21 -191.98 40.6 0.28 0x0000FF
-60.73 -194.92 41.63 -57.35 -192.09 40.62 0.28 0x0000FF
-61.17 -195.23 41.76 -60.73 -194.92 41.63 0.28 0x0000FF
-61.47 -195.46 41.88 -61.17 -195.23 41.76 0.28 0x0000FF
-63.28 -197.17 42.7 -61.47 -195.46 41.88 0.28 0x0000FF
-69.32 -203.96 45.76 -63.28 -197.17 42.7 0.28 0x0000FF
-30.95 -167.43 33.43 -29.93 -166.8 33.53 0.28 0x0000FF
-33.06 -168.54 33.13 -30.95 -167.43 33.43 0.28 0x0000FF
-33.21 -168.63 33.12 -33.06 -168.54 33.13 0.28 0x0000FF
-36.73 -170.96 33.03 -33.21 -168.63 33.12 0.28 0x0000FF
-43.59 -174.81 33.26 -36.73 -170.96 33.03 0.28 0x0000FF
-50.02 -178.8 34.04 -43.59 -174.81 33.26 0.28 0x0000FF
-51.38 -179.81 34.18 -50.02 -178.8 34.04 0.28 0x0000FF
-70.69 -194.85 34.02 -51.38 -179.81 34.18 0.28 0x0000FF
-70.81 -194.97 34.02 -70.69 -194.85 34.02 0.28 0x0000FF
-70.94 -195.09 34.02 -70.81 -194.97 34.02 0.28 0x0000FF
-71.07 -195.21 34.02 -70.94 -195.09 34.02 0.28 0x0000FF
-71.65 -195.68 33.97 -71.07 -195.21 34.02 0.28 0x0000FF
-75.63 -198.33 33.57 -71.65 -195.68 33.97 0.28 0x0000FF
-75.73 -198.39 33.57 -75.63 -198.33 33.57 0.28 0x0000FF
-119.57 -109.13 21.65 -123.12 -105.44 21.33 0.36 0x0000FF
-119.61 -109.17 21.66 -123.12 -105.44 21.33 0.36 0x0000FF
-119.05 -109.67 21.69 -119.57 -109.13 21.65 0.36 0x0000FF
-119.02 -109.71 21.69 -119.05 -109.67 21.69 0.36 0x0000FF
-118.92 -109.86 21.72 -119.02 -109.71 21.69 0.36 0x0000FF
-118.67 -110.16 21.76 -118.92 -109.86 21.72 0.36 0x0000FF
-118.15 -110.75 21.92 -118.67 -110.16 21.76 0.36 0x0000FF
-108.04 -122.65 26.5 -118.15 -110.75 21.92 0.36 0x0000FF
-107.94 -122.78 26.56 -108.04 -122.65 26.5 0.36 0x0000FF
-107.42 -123.62 26.94 -107.94 -122.78 26.56 0.36 0x0000FF
-95.24 -140.38 33.62 -107.42 -123.62 26.94 0.36 0x0000FF
-95.13 -140.51 33.68 -95.24 -140.38 33.62 0.36 0x0000FF
-95.02 -140.62 33.74 -95.13 -140.51 33.68 0.36 0x0000FF
-94.43 -141.25 34.0 -95.02 -140.62 33.74 0.36 0x0000FF
-93.51 -142.13 34.46 -94.43 -141.25 34.0 0.36 0x0000FF
-93.39 -142.24 34.51 -93.51 -142.13 34.46 0.36 0x0000FF
-93.35 -142.27 34.52 -93.39 -142.24 34.51 0.36 0x0000FF
-90.31 -144.4 35.22 -93.35 -142.27 34.52 0.36 0x0000FF
-90.18 -144.51 35.25 -90.31 -144.4 35.22 0.36 0x0000FF
-90.08 -144.6 35.26 -90.18 -144.51 35.25 0.36 0x0000FF
-116.43 -113.39 22.49 -119.61 -109.17 21.66 0.36 0x0000FF
-112.39 -119.76 23.42 -116.43 -113.39 22.49 0.36 0x0000FF
-112.16 -120.09 23.45 -112.39 -119.76 23.42 0.36 0x0000FF
-97.81 -136.39 25.03 -112.16 -120.09 23.45 0.36 0x0000FF
-97.68 -136.51 25.06 -97.81 -136.39 25.03 0.36 0x0000FF
-97.09 -137.02 25.2 -97.68 -136.51 25.06 0.36 0x0000FF
-94.35 -139.56 26.23 -97.09 -137.02 25.2 0.36 0x0000FF
-93.32 -140.7 26.69 -94.35 -139.56 26.23 0.36 0x0000FF
-93.11 -140.97 26.78 -93.32 -140.7 26.69 0.36 0x0000FF
-91.41 -142.95 27.34 -93.11 -140.97 26.78 0.36 0x0000FF
-91.02 -143.33 27.44 -91.41 -142.95 27.34 0.36 0x0000FF
-90.89 -143.44 27.47 -91.02 -143.33 27.44 0.36 0x0000FF
-88.76 -144.93 28.12 -90.89 -143.44 27.47 0.36 0x0000FF
-88.46 -145.12 28.18 -88.76 -144.93 28.12 0.36 0x0000FF
-110.34 -108.89 -0.03 -111.26 -99.24 0.65 0.36 0x0000FF
-110.31 -108.89 -0.05 -111.26 -99.24 0.65 0.36 0x0000FF
-110.34 -109.07 -0.03 -110.34 -108.89 -0.03 0.36 0x0000FF
-110.24 -114.37 -0.17 -110.34 -109.07 -0.03 0.36 0x0000FF
-109.58 -121.34 -0.67 -110.24 -114.37 -0.17 0.36 0x0000FF
-109.51 -121.83 -0.74 -109.58 -121.34 -0.67 0.36 0x0000FF
-109.5 -121.88 -0.74 -109.51 -121.83 -0.74 0.36 0x0000FF
-109.22 -122.94 -0.81 -109.5 -121.88 -0.74 0.36 0x0000FF
-109.21 -122.99 -0.81 -109.22 -122.94 -0.81 0.36 0x0000FF
-107.54 -130.32 -0.46 -109.21 -122.99 -0.81 0.36 0x0000FF
-107.36 -130.95 -0.47 -107.54 -130.32 -0.46 0.36 0x0000FF
-107.32 -131.12 -0.46 -107.36 -130.95 -0.47 0.36 0x0000FF
-106.6 -134.2 -0.59 -107.32 -131.12 -0.46 0.36 0x0000FF
-106.37 -134.92 -0.6 -106.6 -134.2 -0.59 0.36 0x0000FF
-106.32 -135.09 -0.61 -106.37 -134.92 -0.6 0.36 0x0000FF
-105.6 -137.09 -0.86 -106.32 -135.09 -0.61 0.36 0x0000FF
-104.72 -140.38 -1.24 -105.6 -137.09 -0.86 0.36 0x0000FF
-104.67 -140.55 -1.27 -104.72 -140.38 -1.24 0.36 0x0000FF
-104.54 -140.86 -1.36 -104.67 -140.55 -1.27 0.36 0x0000FF
-103.05 -144.66 -2.71 -104.54 -140.86 -1.36 0.36 0x0000FF
-101.98 -146.86 -3.67 -103.05 -144.66 -2.71 0.36 0x0000FF
-100.46 -150.15 -4.73 -101.98 -146.86 -3.67 0.36 0x0000FF
-99.58 -152.43 -5.62 -100.46 -150.15 -4.73 0.36 0x0000FF
-110.29 -109.06 -0.08 -110.31 -108.89 -0.05 0.36 0x0000FF
-109.56 -113.13 -0.64 -110.29 -109.06 -0.08 0.36 0x0000FF
-109.51 -113.3 -0.66 -109.56 -113.13 -0.64 0.36 0x0000FF
-109.4 -113.69 -0.67 -109.51 -113.3 -0.66 0.36 0x0000FF
-109.39 -113.73 -0.68 -109.4 -113.69 -0.67 0.36 0x0000FF
-108.91 -117.35 -1.11 -109.39 -113.73 -0.68 0.36 0x0000FF
-105.73 -139.23 -5.66 -108.91 -117.35 -1.11 0.36 0x0000FF
-105.57 -140.01 -5.76 -105.73 -139.23 -5.66 0.36 0x0000FF
-105.38 -140.87 -5.96 -105.57 -140.01 -5.76 0.36 0x0000FF
-105.06 -142.42 -6.16 -105.38 -140.87 -5.96 0.36 0x0000FF
-104.22 -148.0 -7.29 -105.06 -142.42 -6.16 0.36 0x0000FF
-104.19 -148.17 -7.31 -104.22 -148.0 -7.29 0.36 0x0000FF
-104.11 -148.91 -7.44 -104.19 -148.17 -7.31 0.36 0x0000FF
-104.11 -148.95 -7.44 -104.11 -148.91 -7.44 0.36 0x0000FF
-103.83 -151.0 -7.85 -104.11 -148.95 -7.44 0.36 0x0000FF
-103.75 -151.39 -7.9 -103.83 -151.0 -7.85 0.36 0x0000FF
-103.66 -151.72 -7.96 -103.75 -151.39 -7.9 0.36 0x0000FF
-103.06 -153.56 -8.14 -103.66 -151.72 -7.96 0.36 0x0000FF
-7.92 -103.98 -3.66 -9.99 -96.69 -2.08 0.36 0x0000FF
-8.56 -104.12 -3.69 -9.99 -96.69 -2.08 0.36 0x0000FF
-2.31 -118.8 -5.64 -7.92 -103.98 -3.66 0.36 0x0000FF
-0.85 -122.41 -6.47 -2.31 -118.8 -5.64 0.36 0x0000FF
-0.78 -122.56 -6.52 -0.85 -122.41 -6.47 0.36 0x0000FF
-0.21 -124.19 -7.02 -0.78 -122.56 -6.52 0.36 0x0000FF
-0.16 -124.36 -7.06 -0.21 -124.19 -7.02 0.36 0x0000FF
-0.11 -124.52 -7.11 -0.16 -124.36 -7.06 0.36 0x0000FF
0.09 -125.01 -7.25 -0.11 -124.52 -7.11 0.36 0x0000FF
2.59 -130.55 -8.34 0.09 -125.01 -7.25 0.36 0x0000FF
2.67 -130.7 -8.36 2.59 -130.55 -8.34 0.36 0x0000FF
3.44 -132.05 -8.41 2.67 -130.7 -8.36 0.36 0x0000FF
-7.89 -113.77 -5.3 -8.56 -104.12 -3.69 0.36 0x0000FF
-7.87 -114.17 -5.33 -7.89 -113.77 -5.3 0.36 0x0000FF
-7.88 -114.34 -5.34 -7.87 -114.17 -5.33 0.36 0x0000FF
-8.13 -118.11 -5.22 -7.88 -114.34 -5.34 0.36 0x0000FF
-8.48 -120.61 -5.26 -8.13 -118.11 -5.22 0.36 0x0000FF
-8.6 -121.5 -5.2 -8.48 -120.61 -5.26 0.36 0x0000FF
-8.71 -122.03 -5.17 -8.6 -121.5 -5.2 0.36 0x0000FF
-11.0 -132.56 -5.51 -8.71 -122.03 -5.17 0.36 0x0000FF
-11.27 -134.36 -5.46 -11.0 -132.56 -5.51 0.36 0x0000FF
57.39 -132.78 30.29 38.36 -114.36 28.3 0.36 0x0000FF
57.25 -132.92 30.26 38.36 -114.36 28.3 0.36 0x0000FF
57.76 -133.03 30.31 57.39 -132.78 30.29 0.36 0x0000FF
60.75 -134.99 30.18 57.76 -133.03 30.31 0.36 0x0000FF
61.76 -135.72 30.21 60.75 -134.99 30.18 0.36 0x0000FF
61.89 -135.84 30.23 61.76 -135.72 30.21 0.36 0x0000FF
83.31 -157.32 31.68 61.89 -135.84 30.23 0.36 0x0000FF
90.85 -166.17 32.69 83.31 -157.32 31.68 0.36 0x0000FF
92.08 -167.82 32.75 90.85 -166.17 32.69 0.36 0x0000FF
92.11 -167.86 32.75 92.08 -167.82 32.75 0.36 0x0000FF
92.76 -168.93 32.75 92.11 -167.86 32.75 0.36 0x0000FF
92.86 -169.07 32.74 92.76 -168.93 32.75 0.36 0x0000FF
92.96 -169.21 32.74 92.86 -169.07 32.74 0.36 0x0000FF
92.99 -169.25 32.75 92.96 -169.21 32.74 0.36 0x0000FF
93.1 -169.38 32.76 92.99 -169.25 32.75 0.36 0x0000FF
93.96 -170.49 32.75 93.1 -169.38 32.76 0.36 0x0000FF
100.67 -180.19 31.86 93.96 -170.49 32.75 0.36 0x0000FF
57.37 -133.04 30.27 57.25 -132.92 30.26 0.36 0x0000FF
57.99 -133.63 30.22 57.37 -133.04 30.27 0.36 0x0000FF
58.13 -133.73 30.2 57.99 -133.63 30.22 0.36 0x0000FF
60.01 -135.29 29.81 58.13 -133.73 30.2 0.36 0x0000FF
60.15 -135.39 29.79 60.01 -135.29 29.81 0.36 0x0000FF
64.13 -138.88 29.51 60.15 -135.39 29.79 0.36 0x0000FF
65.42 -139.83 29.43 64.13 -138.88 29.51 0.36 0x0000FF
67.42 -141.05 29.27 65.42 -139.83 29.43 0.36 0x0000FF
69.85 -142.52 28.81 67.42 -141.05 29.27 0.36 0x0000FF
70.41 -142.85 28.76 69.85 -142.52 28.81 0.36 0x0000FF
78.25 -148.33 28.51 70.41 -142.85 28.76 0.36 0x0000FF
81.34 -150.91 28.35 78.25 -148.33 28.51 0.36 0x0000FF
81.61 -151.13 28.36 81.34 -150.91 28.35 0.36 0x0000FF
81.74 -151.24 28.39 81.61 -151.13 28.36 0.36 0x0000FF
83.05 -152.15 28.53 81.74 -151.24 28.39 0.36 0x0000FF
83.1 -152.18 28.53 83.05 -152.15 28.53 0.36 0x0000FF
87.13 -154.63 28.39 83.1 -152.18 28.53 0.36 0x0000FF
91.88 -157.09 28.51 87.13 -154.63 28.39 0.36 0x0000FF
92.04 -157.15 28.51 91.88 -157.09 28.51 0.36 0x0000FF
94.14 -158.09 28.36 92.04 -157.15 28.51 0.36 0x0000FF
94.45 -158.26 28.35 94.14 -158.09 28.36 0.36 0x0000FF
95.22 -158.6 28.35 94.45 -158.26 28.35 0.36 0x0000FF
107.89 -163.95 27.14 95.22 -158.6 28.35 0.36 0x0000FF
108.36 -164.12 27.14 107.89 -163.95 27.14 0.36 0x0000FF
108.52 -164.18 27.15 108.36 -164.12 27.14 0.36 0x0000FF
110.2 -164.84 27.15 108.52 -164.18 27.15 0.36 0x0000FF
112.33 -165.48 27.08 110.2 -164.84 27.15 0.36 0x0000FF
-167.14 62.79 -2.81 -157.84 56.03 -3.29 0.36 0x0000FF
-167.84 61.72 -3.27 -157.84 56.03 -3.29 0.36 0x0000FF
-169.46 64.45 -2.43 -167.14 62.79 -2.81 0.36 0x0000FF
-169.72 64.67 -2.38 -169.46 64.45 -2.43 0.36 0x0000FF
-170.43 65.35 -2.17 -169.72 64.67 -2.38 0.36 0x0000FF
-171.03 65.84 -1.97 -170.43 65.35 -2.17 0.36 0x0000FF
-171.17 65.93 -1.92 -171.03 65.84 -1.97 0.36 0x0000FF
-171.31 66.02 -1.87 -171.17 65.93 -1.92 0.36 0x0000FF
-181.67 72.39 3.38 -171.31 66.02 -1.87 0.36 0x0000FF
-188.69 76.38 6.12 -181.67 72.39 3.38 0.36 0x0000FF
-192.82 79.2 8.02 -188.69 76.38 6.12 0.36 0x0000FF
-195.42 81.01 9.56 -192.82 79.2 8.02 0.36 0x0000FF
-196.31 81.72 10.2 -195.42 81.01 9.56 0.36 0x0000FF
-197.9 83.26 11.51 -196.31 81.72 10.2 0.36 0x0000FF
-198.0 83.37 11.61 -197.9 83.26 11.51 0.36 0x0000FF
-198.21 83.59 11.86 -198.0 83.37 11.61 0.36 0x0000FF
-212.27 99.51 33.0 -198.21 83.59 11.86 0.36 0x0000FF
-168.0 61.79 -3.26 -167.84 61.72 -3.27 0.36 0x0000FF
-172.23 63.66 -3.35 -168.0 61.79 -3.26 0.36 0x0000FF
-172.72 63.9 -3.4 -172.23 63.66 -3.35 0.36 0x0000FF
-172.76 63.93 -3.41 -172.72 63.9 -3.4 0.36 0x0000FF
-172.95 64.04 -3.45 -172.76 63.93 -3.41 0.36 0x0000FF
-173.26 64.27 -3.57 -172.95 64.04 -3.45 0.36 0x0000FF
-173.4 64.36 -3.6 -173.26 64.27 -3.57 0.36 0x0000FF
-174.09 64.93 -3.74 -173.4 64.36 -3.6 0.36 0x0000FF
-174.22 65.05 -3.76 -174.09 64.93 -3.74 0.36 0x0000FF
-176.92 67.6 -3.92 -174.22 65.05 -3.76 0.36 0x0000FF
-178.3 68.82 -4.15 -176.92 67.6 -3.92 0.36 0x0000FF
-181.54 72.2 -4.79 -178.3 68.82 -4.15 0.36 0x0000FF
-183.13 73.65 -5.2 -181.54 72.2 -4.79 0.36 0x0000FF
-184.13 74.63 -5.59 -183.13 73.65 -5.2 0.36 0x0000FF
-187.37 78.42 -6.89 -184.13 74.63 -5.59 0.36 0x0000FF
-188.31 79.68 -7.2 -187.37 78.42 -6.89 0.36 0x0000FF
-189.05 80.68 -7.33 -188.31 79.68 -7.2 0.36 0x0000FF
-190.22 82.19 -7.7 -189.05 80.68 -7.33 0.36 0x0000FF
-190.72 82.9 -7.94 -190.22 82.19 -7.7 0.36 0x0000FF
-192.24 85.57 -8.73 -190.72 82.9 -7.94 0.36 0x0000FF
-192.27 85.62 -8.74 -192.24 85.57 -8.73 0.36 0x0000FF
-192.92 86.58 -9.03 -192.27 85.62 -8.74 0.36 0x0000FF
-193.32 87.11 -9.25 -192.92 86.58 -9.03 0.36 0x0000FF
-194.39 88.82 -10.0 -193.32 87.11 -9.25 0.36 0x0000FF
-200.15 96.4 -13.79 -194.39 88.82 -10.0 0.36 0x0000FF
-200.24 96.53 -13.87 -200.15 96.4 -13.79 0.36 0x0000FF
-203.55 102.39 -17.23 -200.24 96.53 -13.87 0.36 0x0000FF
-209.68 111.2 -22.88 -203.55 102.39 -17.23 0.36 0x0000FF
-210.2 111.98 -23.27 -209.68 111.2 -22.88 0.36 0x0000FF
-61.23 -37.12 10.05 -61.32 -33.25 5.5 0.36 0x0000FF
-61.41 -36.6 10.44 -61.32 -33.25 5.5 0.36 0x0000FF
-61.27 -37.76 10.67 -61.23 -37.12 10.05 0.36 0x0000FF
-61.78 -44.61 18.67 -61.41 -36.6 10.44 0.36 0x0000FF
-61.69 -39.23 15.46 -61.41 -36.6 10.44 0.36 0x0000FF
-61.86 -39.82 16.55 -61.69 -39.23 15.46 0.36 0x0000FF
-61.86 -39.84 16.59 -61.86 -39.82 16.55 0.36 0x0000FF
-62.28 -41.22 20.64 -61.86 -39.84 16.59 0.36 0x0000FF
-62.3 -41.29 20.79 -62.28 -41.22 20.64 0.36 0x0000FF
5.21 -101.54 29.95 2.54 -97.75 29.59 0.36 0x0000FF
5.22 -101.54 29.8 2.54 -97.75 29.59 0.36 0x0000FF
6.44 -103.11 30.1 5.21 -101.54 29.95 0.36 0x0000FF
18.97 -116.78 32.09 6.44 -103.11 30.1 0.36 0x0000FF
19.61 -117.59 32.25 18.97 -116.78 32.09 0.36 0x0000FF
20.19 -118.25 32.44 19.61 -117.59 32.25 0.36 0x0000FF
20.61 -118.66 32.58 20.19 -118.25 32.44 0.36 0x0000FF
21.53 -119.39 32.84 20.61 -118.66 32.58 0.36 0x0000FF
25.31 -121.96 34.04 21.53 -119.39 32.84 0.36 0x0000FF
25.46 -122.05 34.08 25.31 -121.96 34.04 0.36 0x0000FF
26.03 -122.43 34.18 25.46 -122.05 34.08 0.36 0x0000FF
27.98 -123.96 34.65 26.03 -122.43 34.18 0.36 0x0000FF
29.93 -125.79 35.19 27.98 -123.96 34.65 0.36 0x0000FF
30.05 -125.91 35.24 29.93 -125.79 35.19 0.36 0x0000FF
30.17 -126.03 35.29 30.05 -125.91 35.24 0.36 0x0000FF
31.72 -128.0 36.07 30.17 -126.03 35.29 0.36 0x0000FF
32.7 -129.39 36.47 31.72 -128.0 36.07 0.36 0x0000FF
36.79 -134.2 37.99 32.7 -129.39 36.47 0.36 0x0000FF
40.56 -138.01 39.54 36.79 -134.2 37.99 0.36 0x0000FF
40.8 -138.3 39.66 40.56 -138.01 39.54 0.36 0x0000FF
40.91 -138.42 39.72 40.8 -138.3 39.66 0.36 0x0000FF
44.75 -141.96 41.53 40.91 -138.42 39.72 0.36 0x0000FF
5.41 -101.84 29.81 5.22 -101.54 29.8 0.36 0x0000FF
6.54 -103.94 30.03 5.41 -101.84 29.81 0.36 0x0000FF
6.89 -104.71 30.16 6.54 -103.94 30.03 0.36 0x0000FF
13.56 -116.48 31.97 6.89 -104.71 30.16 0.36 0x0000FF
19.37 -124.91 33.48 13.56 -116.48 31.97 0.36 0x0000FF
23.67 -130.73 35.15 19.37 -124.91 33.48 0.36 0x0000FF
24.09 -131.28 35.24 23.67 -130.73 35.15 0.36 0x0000FF
24.19 -131.42 35.25 24.09 -131.28 35.24 0.36 0x0000FF
25.24 -132.92 35.5 24.19 -131.42 35.25 0.36 0x0000FF
29.12 -138.76 37.06 25.24 -132.92 35.5 0.36 0x0000FF
30.14 -140.56 37.64 29.12 -138.76 37.06 0.36 0x0000FF
30.81 -142.04 38.12 30.14 -140.56 37.64 0.36 0x0000FF
31.61 -143.48 38.55 30.81 -142.04 38.12 0.36 0x0000FF
31.82 -143.82 38.61 31.61 -143.48 38.55 0.36 0x0000FF
31.89 -143.97 38.65 31.82 -143.82 38.61 0.36 0x0000FF
31.92 -144.02 38.66 31.89 -143.97 38.65 0.36 0x0000FF
32.0 -144.16 38.72 31.92 -144.02 38.66 0.36 0x0000FF
32.31 -144.7 38.88 32.0 -144.16 38.72 0.36 0x0000FF
33.31 -146.89 39.46 32.31 -144.7 38.88 0.36 0x0000FF
34.86 -150.09 40.65 33.31 -146.89 39.46 0.36 0x0000FF
-125.7 38.45 2.23 -110.93 38.81 2.17 0.36 0x0000FF
-125.7 38.42 2.25 -110.93 38.81 2.17 0.36 0x0000FF
-133.4 38.24 1.34 -125.7 38.45 2.23 0.36 0x0000FF
-134.43 38.14 1.16 -133.4 38.24 1.34 0.36 0x0000FF
-152.61 34.83 -1.38 -134.43 38.14 1.16 0.36 0x0000FF
-162.04 32.64 -2.0 -152.61 34.83 -1.38 0.36 0x0000FF
-163.86 32.35 -2.01 -162.04 32.64 -2.0 0.36 0x0000FF
-170.76 30.8 -1.61 -163.86 32.35 -2.01 0.36 0x0000FF
-171.42 30.61 -1.54 -170.76 30.8 -1.61 0.36 0x0000FF
-127.2 38.36 2.24 -125.7 38.42 2.25 0.36 0x0000FF
-133.6 37.75 1.73 -127.2 38.36 2.24 0.36 0x0000FF
-136.28 37.72 1.6 -133.6 37.75 1.73 0.36 0x0000FF
-137.17 37.72 1.63 -136.28 37.72 1.6 0.36 0x0000FF
-138.87 37.59 1.65 -137.17 37.72 1.63 0.36 0x0000FF
-144.62 37.61 1.55 -138.87 37.59 1.65 0.36 0x0000FF
-144.79 37.61 1.53 -144.62 37.61 1.55 0.36 0x0000FF
-144.97 37.63 1.52 -144.79 37.61 1.53 0.36 0x0000FF
-146.87 37.69 1.51 -144.97 37.63 1.52 0.36 0x0000FF
-147.04 37.7 1.49 -146.87 37.69 1.51 0.36 0x0000FF
-147.09 37.7 1.48 -147.04 37.7 1.49 0.36 0x0000FF
-148.67 37.83 1.26 -147.09 37.7 1.48 0.36 0x0000FF
-149.22 37.85 1.23 -148.67 37.83 1.26 0.36 0x0000FF
-149.39 37.86 1.22 -149.22 37.85 1.23 0.36 0x0000FF
-150.18 37.93 1.15 -149.39 37.86 1.22 0.36 0x0000FF
-150.36 37.94 1.15 -150.18 37.93 1.15 0.36 0x0000FF
-158.84 39.03 0.55 -150.36 37.94 1.15 0.36 0x0000FF
-169.29 39.79 0.51 -158.84 39.03 0.55 0.36 0x0000FF
-172.25 39.89 0.73 -169.29 39.79 0.51 0.36 0x0000FF
56.9 19.3 24.82 51.45 16.22 23.91 0.28 0x0000FF
56.87 19.39 24.72 51.45 16.22 23.91 0.28 0x0000FF
58.84 20.19 25.07 56.9 19.3 24.82 0.28 0x0000FF
59.0 20.26 25.07 58.84 20.19 25.07 0.28 0x0000FF
64.02 21.96 25.36 59.0 20.26 25.07 0.28 0x0000FF
65.64 22.47 25.3 64.02 21.96 25.36 0.28 0x0000FF
65.81 22.51 25.29 65.64 22.47 25.3 0.28 0x0000FF
71.86 24.32 25.24 65.81 22.51 25.29 0.28 0x0000FF
58.75 20.86 24.97 56.87 19.39 24.72 0.28 0x0000FF
61.75 22.87 25.18 58.75 20.86 24.97 0.28 0x0000FF
70.21 27.81 25.15 61.75 22.87 25.18 0.28 0x0000FF
36.45 4.85 19.85 32.65 5.65 21.86 0.28 0x0000FF
36.43 5.0 19.76 32.65 5.65 21.86 0.28 0x0000FF
36.6 4.8 19.76 36.45 4.85 19.85 0.28 0x0000FF
36.75 4.76 19.69 36.6 4.8 19.76 0.28 0x0000FF
37.11 4.69 19.52 36.75 4.76 19.69 0.28 0x0000FF
40.88 3.62 17.77 37.11 4.69 19.52 0.28 0x0000FF
40.92 3.61 17.75 40.88 3.62 17.77 0.28 0x0000FF
39.1 4.74 18.46 36.43 5.0 19.76 0.28 0x0000FF
39.26 4.73 18.39 39.1 4.74 18.46 0.28 0x0000FF
39.43 4.74 18.34 39.26 4.73 18.39 0.28 0x0000FF
41.1 4.6 17.8 39.43 4.74 18.34 0.28 0x0000FF
-231.04 381.91 16.44 -211.84 371.38 16.94 0.18 0x0000FF
-230.94 382.1 16.47 -211.84 371.38 16.94 0.18 0x0000FF
-233.05 382.65 16.24 -231.04 381.91 16.44 0.18 0x0000FF
-233.21 382.73 16.22 -233.05 382.65 16.24 0.18 0x0000FF
-234.3 383.26 15.96 -233.21 382.73 16.22 0.18 0x0000FF
-253.62 390.62 11.14 -234.3 383.26 15.96 0.18 0x0000FF
-253.67 390.64 11.13 -253.62 390.62 11.14 0.18 0x0000FF
-254.15 390.83 10.95 -253.67 390.64 11.13 0.18 0x0000FF
-256.94 392.1 10.12 -254.15 390.83 10.95 0.18 0x0000FF
-260.84 393.8 8.58 -256.94 392.1 10.12 0.18 0x0000FF
-263.14 395.06 7.53 -260.84 393.8 8.58 0.18 0x0000FF
-263.29 395.13 7.47 -263.14 395.06 7.53 0.18 0x0000FF
-263.44 395.2 7.42 -263.29 395.13 7.47 0.18 0x0000FF
-263.59 395.29 7.37 -263.44 395.2 7.42 0.18 0x0000FF
-265.94 396.64 6.82 -263.59 395.29 7.37 0.18 0x0000FF
-266.38 396.95 6.7 -265.94 396.64 6.82 0.18 0x0000FF
-274.62 401.76 4.94 -266.38 396.95 6.7 0.18 0x0000FF
-274.76 401.85 4.89 -274.62 401.76 4.94 0.18 0x0000FF
-274.91 401.94 4.86 -274.76 401.85 4.89 0.18 0x0000FF
-275.05 402.04 4.82 -274.91 401.94 4.86 0.18 0x0000FF
-275.18 402.15 4.79 -275.05 402.04 4.82 0.18 0x0000FF
-281.77 408.97 3.15 -275.18 402.15 4.79 0.18 0x0000FF
-285.86 413.99 2.2 -281.77 408.97 3.15 0.18 0x0000FF
-231.42 382.37 16.47 -230.94 382.1 16.47 0.18 0x0000FF
-234.24 384.21 16.68 -231.42 382.37 16.47 0.18 0x0000FF
-234.39 384.29 16.68 -234.24 384.21 16.68 0.18 0x0000FF
-241.82 387.9 16.22 -234.39 384.29 16.68 0.18 0x0000FF
-242.69 388.26 16.1 -241.82 387.9 16.22 0.18 0x0000FF
-243.01 388.42 16.08 -242.69 388.26 16.1 0.18 0x0000FF
-250.89 391.8 16.05 -243.01 388.42 16.08 0.18 0x0000FF
-261.84 395.75 15.26 -250.89 391.8 16.05 0.18 0x0000FF
-267.12 398.13 14.62 -261.84 395.75 15.26 0.18 0x0000FF
-267.29 398.19 14.6 -267.12 398.13 14.62 0.18 0x0000FF
-267.74 398.37 14.51 -267.29 398.19 14.6 0.18 0x0000FF
-270.06 399.32 14.22 -267.74 398.37 14.51 0.18 0x0000FF
-270.22 399.4 14.19 -270.06 399.32 14.22 0.18 0x0000FF
-270.46 399.51 14.13 -270.22 399.4 14.19 0.18 0x0000FF
-270.62 399.59 14.1 -270.46 399.51 14.13 0.18 0x0000FF
-275.62 401.88 13.6 -270.62 399.59 14.1 0.18 0x0000FF
-276.31 402.27 13.56 -275.62 401.88 13.6 0.18 0x0000FF
-277.55 403.02 13.6 -276.31 402.27 13.56 0.18 0x0000FF
-277.86 403.19 13.59 -277.55 403.02 13.6 0.18 0x0000FF
-278.01 403.29 13.57 -277.86 403.19 13.59 0.18 0x0000FF
-280.71 404.85 13.5 -278.01 403.29 13.57 0.18 0x0000FF
-281.04 405.07 13.46 -280.71 404.85 13.5 0.18 0x0000FF
-284.58 406.95 13.06 -281.04 405.07 13.46 0.18 0x0000FF
-290.62 410.07 11.78 -284.58 406.95 13.06 0.18 0x0000FF
-255.61 398.23 -3.13 -220.23 383.58 -2.61 0.36 0x0000FF
-255.61 398.22 -3.16 -220.23 383.58 -2.61 0.36 0x0000FF
-255.77 398.31 -3.13 -255.61 398.23 -3.13 0.36 0x0000FF
-256.88 398.75 -3.14 -255.77 398.31 -3.13 0.36 0x0000FF
-258.38 399.3 -3.03 -256.88 398.75 -3.14 0.36 0x0000FF
-258.88 399.53 -3.01 -258.38 399.3 -3.03 0.36 0x0000FF
-276.71 405.84 -2.3 -258.88 399.53 -3.01 0.36 0x0000FF
-290.63 412.06 -2.24 -276.71 405.84 -2.3 0.36 0x0000FF
-290.98 412.25 -2.21 -290.63 412.06 -2.24 0.36 0x0000FF
-291.53 412.59 -2.18 -290.98 412.25 -2.21 0.36 0x0000FF
-294.11 414.3 -1.75 -291.53 412.59 -2.18 0.36 0x0000FF
-294.26 414.4 -1.74 -294.11 414.3 -1.75 0.36 0x0000FF
-294.87 414.83 -1.64 -294.26 414.4 -1.74 0.36 0x0000FF
-295.68 415.37 -1.44 -294.87 414.83 -1.64 0.36 0x0000FF
-295.81 415.48 -1.39 -295.68 415.37 -1.44 0.36 0x0000FF
-295.93 415.59 -1.35 -295.81 415.48 -1.39 0.36 0x0000FF
-296.68 416.23 -1.15 -295.93 415.59 -1.35 0.36 0x0000FF
-298.45 417.99 -0.52 -296.68 416.23 -1.15 0.36 0x0000FF
-298.83 418.44 -0.39 -298.45 417.99 -0.52 0.36 0x0000FF
-299.96 419.88 -0.15 -298.83 418.44 -0.39 0.36 0x0000FF
-302.24 422.69 0.03 -299.96 419.88 -0.15 0.36 0x0000FF
-302.5 423.06 0.04 -302.24 422.69 0.03 0.36 0x0000FF
-308.54 432.17 -0.6 -302.5 423.06 0.04 0.36 0x0000FF
-308.57 432.21 -0.6 -308.54 432.17 -0.6 0.36 0x0000FF
-308.77 432.5 -0.56 -308.57 432.21 -0.6 0.36 0x0000FF
-314.36 439.63 -0.05 -308.77 432.5 -0.56 0.36 0x0000FF
-259.49 399.44 -3.83 -255.61 398.22 -3.16 0.36 0x0000FF
-259.87 399.56 -3.93 -259.49 399.44 -3.83 0.36 0x0000FF
-260.28 399.7 -4.0 -259.87 399.56 -3.93 0.36 0x0000FF
-289.36 410.62 -6.71 -260.28 399.7 -4.0 0.36 0x0000FF
-308.46 417.07 -10.12 -289.36 410.62 -6.71 0.36 0x0000FF
-310.31 417.68 -10.28 -308.46 417.07 -10.12 0.36 0x0000FF
-325.4 422.68 -12.97 -310.31 417.68 -10.28 0.36 0x0000FF
-103.34 378.79 9.67 -108.39 373.93 9.36 0.36 0x0000FF
-103.33 378.77 9.69 -108.39 373.93 9.36 0.36 0x0000FF
-103.21 378.91 9.67 -103.34 378.79 9.67 0.36 0x0000FF
-102.54 379.5 9.75 -103.21 378.91 9.67 0.36 0x0000FF
-102.5 379.53 9.75 -102.54 379.5 9.75 0.36 0x0000FF
-97.89 383.6 10.33 -102.5 379.53 9.75 0.36 0x0000FF
-92.79 387.51 11.31 -97.89 383.6 10.33 0.36 0x0000FF
-92.67 387.63 11.33 -92.79 387.51 11.31 0.36 0x0000FF
-83.37 395.65 12.12 -92.67 387.63 11.33 0.36 0x0000FF
-102.68 379.23 9.79 -103.33 378.77 9.69 0.36 0x0000FF
-101.87 379.72 9.88 -102.68 379.23 9.79 0.36 0x0000FF
-94.97 383.57 11.26 -101.87 379.72 9.88 0.36 0x0000FF
-94.3 383.9 11.34 -94.97 383.57 11.26 0.36 0x0000FF
-88.05 387.68 11.86 -94.3 383.9 11.34 0.36 0x0000FF
-85.82 388.87 11.87 -88.05 387.68 11.86 0.36 0x0000FF
-83.79 389.94 11.67 -85.82 388.87 11.87 0.36 0x0000FF
-83.65 390.03 11.65 -83.79 389.94 11.67 0.36 0x0000FF
-83.33 390.26 11.57 -83.65 390.03 11.65 0.36 0x0000FF
-83.28 390.28 11.56 -83.33 390.26 11.57 0.36 0x0000FF
-83.14 390.37 11.5 -83.28 390.28 11.56 0.36 0x0000FF
-81.69 391.37 10.77 -83.14 390.37 11.5 0.36 0x0000FF
-81.06 391.88 10.39 -81.69 391.37 10.77 0.36 0x0000FF
-81.06 391.88 10.39 -81.06 391.88 10.39 0.36 0x0000FF
-136.65 336.11 44.35 -135.02 330.52 44.89 0.46 0x0000FF
-137.05 335.92 43.92 -135.02 330.52 44.89 0.46 0x0000FF
-136.7 336.28 44.33 -136.65 336.11 44.35 0.46 0x0000FF
-137.65 339.24 44.1 -136.7 336.28 44.33 0.46 0x0000FF
-137.95 340.08 43.96 -137.65 339.24 44.1 0.46 0x0000FF
-138.23 340.66 43.88 -137.95 340.08 43.96 0.46 0x0000FF
-138.48 341.36 43.77 -138.23 340.66 43.88 0.46 0x0000FF
-138.74 341.99 43.61 -138.48 341.36 43.77 0.46 0x0000FF
-138.96 342.73 43.41 -138.74 341.99 43.61 0.46 0x0000FF
-139.0 342.9 43.36 -138.96 342.73 43.41 0.46 0x0000FF
-139.04 343.06 43.32 -139.0 342.9 43.36 0.46 0x0000FF
-139.26 344.67 43.0 -139.04 343.06 43.32 0.46 0x0000FF
-141.63 366.16 40.47 -139.26 344.67 43.0 0.46 0x0000FF
-142.18 371.76 40.3 -141.63 366.16 40.47 0.46 0x0000FF
-145.04 387.06 39.67 -142.18 371.76 40.3 0.46 0x0000FF
-137.16 336.24 43.83 -137.05 335.92 43.92 0.46 0x0000FF
-137.4 336.81 43.63 -137.16 336.24 43.83 0.46 0x0000FF
-137.48 336.95 43.57 -137.4 336.81 43.63 0.46 0x0000FF
-137.55 337.1 43.5 -137.48 336.95 43.57 0.46 0x0000FF
-138.85 340.45 41.8 -137.55 337.1 43.5 0.46 0x0000FF
-139.47 342.48 40.93 -138.85 340.45 41.8 0.46 0x0000FF
-139.59 342.87 40.73 -139.47 342.48 40.93 0.46 0x0000FF
-139.64 343.02 40.66 -139.59 342.87 40.73 0.46 0x0000FF
-139.93 343.82 40.37 -139.64 343.02 40.66 0.46 0x0000FF
-139.99 343.97 40.3 -139.93 343.82 40.37 0.46 0x0000FF
-140.69 346.22 39.41 -139.99 343.97 40.3 0.46 0x0000FF
-140.82 346.52 39.27 -140.69 346.22 39.41 0.46 0x0000FF
-140.91 346.82 39.12 -140.82 346.52 39.27 0.46 0x0000FF
-141.02 347.36 38.86 -140.91 346.82 39.12 0.46 0x0000FF
-141.08 347.68 38.74 -141.02 347.36 38.86 0.46 0x0000FF
-141.11 347.84 38.7 -141.08 347.68 38.74 0.46 0x0000FF
-141.65 350.97 37.53 -141.11 347.84 38.7 0.46 0x0000FF
-141.94 353.37 36.83 -141.65 350.97 37.53 0.46 0x0000FF
-141.96 353.72 36.76 -141.94 353.37 36.83 0.46 0x0000FF
-142.09 354.58 36.54 -141.96 353.72 36.76 0.46 0x0000FF
-147.21 375.75 30.61 -142.09 354.58 36.54 0.46 0x0000FF
-147.25 375.92 30.58 -147.21 375.75 30.61 0.46 0x0000FF
-149.96 383.75 28.64 -147.25 375.92 30.58 0.46 0x0000FF
