-19.94 8.98 8.98 -29.23 5.84 4.66 0.455 0x0000FF
-17.93 10.25 9.51 -19.94 8.98 8.98 0.455 0x0000FF
-17.02 11.16 9.67 -17.93 10.25 9.51 0.455 0x0000FF
-15.2 12.25 10.57 -17.02 11.16 9.67 0.455 0x0000FF
-13.74 13.17 11.1 -15.2 12.25 10.57 0.455 0x0000FF
-11.73 14.62 12.24 -13.74 13.17 11.1 0.455 0x0000FF
-10.64 15.53 13.38 -11.73 14.62 12.24 0.455 0x0000FF
-10.64 15.9 14.89 -10.64 15.53 13.38 0.455 0x0000FF
-10.45 16.45 16.03 -10.64 15.9 14.89 0.455 0x0000FF
-10.09 17.72 17.23 -10.45 16.45 16.03 0.455 0x0000FF
-8.44 18.8 18.45 -10.09 17.72 17.23 0.275 0x0000FF
-6.8 19.18 18.68 -8.44 18.8 18.45 0.275 0x0000FF
-6.07 19.36 20.42 -6.8 19.18 18.68 0.275 0x0000FF
-4.25 19.36 22.16 -6.07 19.36 20.42 0.275 0x0000FF
-3.16 19.18 24.51 -4.25 19.36 22.16 0.275 0x0000FF
-0.97 18.63 26.71 -3.16 19.18 24.51 0.275 0x0000FF
2.87 17.54 28.6 -0.97 18.63 26.71 0.275 0x0000FF
5.79 17.17 30.72 2.87 17.54 28.6 0.275 0x0000FF
9.61 17.17 32.61 5.79 17.17 30.72 0.275 0x0000FF
13.63 16.8 34.06 9.61 17.17 32.61 0.275 0x0000FF
15.64 15.9 35.57 13.63 16.8 34.06 0.275 0x0000FF
19.1 14.99 36.94 15.64 15.9 35.57 0.275 0x0000FF
23.3 15.9 38.97 19.1 14.99 36.94 0.275 0x0000FF
26.4 17.17 40.79 23.3 15.9 38.97 0.275 0x0000FF
33.88 21.18 42.16 26.4 17.17 40.79 0.18 0x0000FF
34.97 22.64 42.47 33.88 21.18 42.16 0.18 0x0000FF
41.18 25.01 43.0 34.97 22.64 42.47 0.18 0x0000FF
-19.03 7.52 3.76 -29.23 5.84 4.66 1.005 0x0000FF
-14.28 7.52 3.76 -19.03 7.52 3.76 1.005 0x0000FF
-10.45 7.88 3.45 -14.28 7.52 3.76 1.005 0x0000FF
-6.44 9.89 3.38 -10.45 7.88 3.45 0.82 0x0000FF
-3.7 10.98 3.0 -6.44 9.89 3.38 0.64 0x0000FF
-1.51 12.07 2.24 -3.7 10.98 3.0 0.64 0x0000FF
2.31 14.44 1.41 -1.51 12.07 2.24 0.64 0x0000FF
8.52 18.09 -0.03 2.31 14.44 1.41 0.64 0x0000FF
15.64 23.19 -0.56 8.52 18.09 -0.03 0.64 0x0000FF
24.4 34.11 -1.62 15.64 23.19 -0.56 0.64 0x0000FF
30.6 40.5 -2.68 24.4 34.11 -1.62 0.64 0x0000FF
34.43 46.87 -3.82 30.6 40.5 -2.68 0.64 0x0000FF
42.09 60.72 -5.11 34.43 46.87 -3.82 0.64 0x0000FF
45.74 70.01 -6.24 42.09 60.72 -5.11 0.545 0x0000FF
49.76 79.48 -7.76 45.74 70.01 -6.24 0.545 0x0000FF
53.22 86.41 -9.35 49.76 79.48 -7.76 0.545 0x0000FF
55.78 94.06 -10.02 53.22 86.41 -9.35 0.545 0x0000FF
58.88 101.9 -12.3 55.78 94.06 -10.02 0.545 0x0000FF
60.52 107.0 -13.21 58.88 101.9 -12.3 0.365 0x0000FF
62.35 111.19 -13.97 60.52 107.0 -13.21 0.365 0x0000FF
69.8 119.28 -14.95 62.35 111.19 -13.97 0.18 0x0000FF
78.75 123.65 -15.03 69.8 119.28 -14.95 0.18 0x0000FF
85.68 129.3 -15.94 78.75 123.65 -15.03 0.18 0x0000FF
88.78 133.49 -17.07 85.68 129.3 -15.94 0.18 0x0000FF
95.17 142.6 -17.23 88.78 133.49 -17.07 0.18 0x0000FF
88.23 133.31 -16.23 95.17 142.6 -17.23 0.18 0x0000FF
-6.09 4.55 3.98 -10.45 7.88 3.45 0.275 0x0000FF
-0.98 3.46 4.44 -6.09 4.55 3.98 0.275 0x0000FF
2.48 3.28 5.04 -0.98 3.46 4.44 0.275 0x0000FF
6.13 2.37 5.8 2.48 3.28 5.04 0.275 0x0000FF
9.05 0.54 6.41 6.13 2.37 5.8 0.275 0x0000FF
11.24 -0.91 7.24 9.05 0.54 6.41 0.275 0x0000FF
13.07 -1.82 8.98 11.24 -0.91 7.24 0.275 0x0000FF
14.89 -2.37 10.42 13.07 -1.82 8.98 0.275 0x0000FF
17.44 -2.74 12.85 14.89 -2.37 10.42 0.275 0x0000FF
19.27 -3.1 15.5 17.44 -2.74 12.85 0.275 0x0000FF
22.01 -3.1 17.01 19.27 -3.1 15.5 0.275 0x0000FF
25.47 -2.92 17.32 22.01 -3.1 17.01 0.275 0x0000FF
27.84 -2.92 19.97 25.47 -2.92 17.32 0.275 0x0000FF
28.76 -3.28 21.94 27.84 -2.92 19.97 0.275 0x0000FF
31.49 -6.02 23.83 28.76 -3.28 21.94 0.275 0x0000FF
32.95 -9.66 25.04 31.49 -6.02 23.83 0.275 0x0000FF
35.14 -14.58 25.88 32.95 -9.66 25.04 0.275 0x0000FF
37.88 -20.96 28.3 35.14 -14.58 25.88 0.275 0x0000FF
39.34 -23.51 29.89 37.88 -20.96 28.3 0.275 0x0000FF
40.98 -25.33 30.65 39.34 -23.51 29.89 0.275 0x0000FF
46.64 -27.15 32.77 40.98 -25.33 30.65 0.275 0x0000FF
56.49 -26.06 37.39 46.64 -27.15 32.77 0.275 0x0000FF
83.86 -24.96 38.36 56.49 -26.06 37.39 0.275 0x0000FF
99.55 -28.61 38.68 83.86 -24.96 38.36 0.275 0x0000FF
111.41 -30.61 37.39 99.55 -28.61 38.68 0.275 0x0000FF
119.07 -32.97 36.1 111.41 -30.61 37.39 0.275 0x0000FF
133.83 -38.71 34.65 119.07 -32.97 36.1 0.275 0x0000FF
54.28 -29.05 33.68 46.64 -27.15 32.77 0.275 0x0000FF
63.77 -32.33 34.44 54.28 -29.05 33.68 0.275 0x0000FF
84.21 -35.24 35.19 63.77 -32.33 34.44 0.275 0x0000FF
89.68 -35.06 35.65 84.21 -35.24 35.19 0.275 0x0000FF
-21.09 -0.6 5.12 -29.23 5.84 4.66 1.185 0x0000FF
-18.36 -4.61 5.88 -21.09 -0.6 5.12 1.185 0x0000FF
-14.89 -9.52 6.48 -18.36 -4.61 5.88 1.185 0x0000FF
-12.34 -13.17 7.47 -14.89 -9.52 6.48 1.185 0x0000FF
-11.24 -14.45 7.77 -12.34 -13.17 7.47 1.185 0x0000FF
-11.24 -16.09 8.07 -11.24 -14.45 7.77 0.73 0x0000FF
-11.97 -17.91 8.61 -11.24 -16.09 8.07 0.73 0x0000FF
-13.07 -19.55 9.28 -11.97 -17.91 8.61 0.545 0x0000FF
-12.34 -20.46 9.89 -13.07 -19.55 9.28 0.545 0x0000FF
-11.24 -22.1 10.65 -12.34 -20.46 9.89 0.545 0x0000FF
-11.61 -25.38 12.09 -11.24 -22.1 10.65 0.545 0x0000FF
-12.7 -29.2 12.92 -11.61 -25.38 12.09 0.545 0x0000FF
-14.53 -36.49 14.36 -12.7 -29.2 12.92 0.455 0x0000FF
-15.26 -40.86 16.18 -14.53 -36.49 14.36 0.455 0x0000FF
-16.72 -43.96 17.39 -15.26 -40.86 16.18 0.455 0x0000FF
-17.8 -46.7 18.3 -16.72 -43.96 17.39 0.455 0x0000FF
-19.27 -49.25 20.12 -17.8 -46.7 18.3 0.455 0x0000FF
-20.73 -52.71 22.39 -19.27 -49.25 20.12 0.455 0x0000FF
-20.91 -54.17 24.13 -20.73 -52.71 22.39 0.455 0x0000FF
-21.28 -57.99 26.33 -20.91 -54.17 24.13 0.455 0x0000FF
-21.09 -60.36 27.54 -21.28 -57.99 26.33 0.455 0x0000FF
-21.09 -62.55 28.75 -21.09 -60.36 27.54 0.455 0x0000FF
-20.37 -64.37 31.33 -21.09 -62.55 28.75 0.455 0x0000FF
-19.64 -66.37 32.15 -20.37 -64.37 31.33 0.455 0x0000FF
-17.98 -68.38 33.6 -19.64 -66.37 32.15 0.455 0x0000FF
-16.72 -69.47 34.97 -17.98 -68.38 33.6 0.455 0x0000FF
-16.17 -70.2 36.94 -16.72 -69.47 34.97 0.455 0x0000FF
-15.8 -71.11 38.97 -16.17 -70.2 36.94 0.455 0x0000FF
-15.62 -71.84 40.11 -15.8 -71.11 38.97 0.455 0x0000FF
-15.26 -73.11 41.63 -15.62 -71.84 40.11 0.455 0x0000FF
-14.71 -74.39 43.98 -15.26 -73.11 41.63 0.455 0x0000FF
-14.16 -77.67 45.87 -14.71 -74.39 43.98 0.365 0x0000FF
-13.98 -79.48 46.33 -14.16 -77.67 45.87 0.365 0x0000FF
-13.07 -82.04 46.78 -13.98 -79.48 46.33 0.365 0x0000FF
-7.41 -16.8 10.03 -11.24 -14.45 7.77 1.095 0x0000FF
-0.11 -21.55 10.88 -7.41 -16.8 10.03 0.455 0x0000FF
6.09 -24.1 11.56 -0.11 -21.55 10.88 0.455 0x0000FF
18.68 -27.2 12.01 6.09 -24.1 11.56 0.455 0x0000FF
29.63 -30.11 12.7 18.68 -27.2 12.01 0.455 0x0000FF
44.59 -33.76 13.53 29.63 -30.11 12.7 0.455 0x0000FF
54.99 -36.13 14.13 44.59 -33.76 13.53 0.365 0x0000FF
66.84 -38.68 14.89 54.99 -36.13 14.13 0.365 0x0000FF
69.77 -41.05 15.35 66.84 -38.68 14.89 0.365 0x0000FF
74.88 -44.51 15.8 69.77 -41.05 15.35 0.365 0x0000FF
76.88 -46.7 15.8 74.88 -44.51 15.8 0.365 0x0000FF
78.34 -47.79 13.98 76.88 -46.7 15.8 0.365 0x0000FF
81.26 -50.16 12.7 78.34 -47.79 13.98 0.365 0x0000FF
85.28 -52.34 10.8 81.26 -50.16 12.7 0.365 0x0000FF
88.38 -55.44 10.42 85.28 -52.34 10.8 0.275 0x0000FF
90.2 -57.63 9.59 88.38 -55.44 10.42 0.275 0x0000FF
-0.84 -16.09 10.57 -7.41 -16.8 10.03 0.455 0x0000FF
5.18 -15.36 11.1 -0.84 -16.09 10.57 0.455 0x0000FF
12.29 -14.99 11.1 5.18 -15.36 11.1 0.365 0x0000FF
15.4 -14.45 10.19 12.29 -14.99 11.1 0.365 0x0000FF
22.69 -13.17 9.06 15.4 -14.45 10.19 0.365 0x0000FF
32.9 -11.71 8.52 22.69 -13.17 9.06 0.365 0x0000FF
37.47 -8.8 7.92 32.9 -11.71 8.52 0.365 0x0000FF
44.77 -3.15 7.47 37.47 -8.8 7.92 0.365 0x0000FF
48.24 -0.05 8.91 44.77 -3.15 7.47 0.365 0x0000FF
49.7 3.59 9.67 48.24 -0.05 8.91 0.275 0x0000FF
50.43 5.23 11.1 49.7 3.59 9.67 0.275 0x0000FF
51.16 7.05 12.7 50.43 5.23 11.1 0.275 0x0000FF
54.44 11.43 13.98 51.16 7.05 12.7 0.275 0x0000FF
54.99 16.89 15.8 54.44 11.43 13.98 0.275 0x0000FF
55.35 19.26 18.07 54.99 16.89 15.8 0.275 0x0000FF
55.35 19.8 19.21 55.35 19.26 18.07 0.275 0x0000FF
56.63 22.36 21.26 55.35 19.8 19.21 0.275 0x0000FF
57.91 23.45 23.53 56.63 22.36 21.26 0.275 0x0000FF
58.82 24.36 26.56 57.91 23.45 23.53 0.275 0x0000FF
59.55 25.46 26.71 58.82 24.36 26.56 0.275 0x0000FF
-39.71 -0.42 3.3 -29.23 5.84 4.66 0.73 0x0000FF
-44.63 -3.15 2.7 -39.71 -0.42 3.3 0.73 0x0000FF
-47.55 -4.97 2.7 -44.63 -3.15 2.7 0.455 0x0000FF
-51.02 -6.43 2.17 -47.55 -4.97 2.7 0.365 0x0000FF
-52.66 -7.16 2.92 -51.02 -6.43 2.17 0.365 0x0000FF
-53.75 -7.52 2.24 -52.66 -7.16 2.92 0.365 0x0000FF
-55.4 -7.89 0.05 -53.75 -7.52 2.24 0.365 0x0000FF
-58.86 -9.34 -0.79 -55.4 -7.89 0.05 0.365 0x0000FF
-61.42 -10.62 -1.62 -58.86 -9.34 -0.79 0.365 0x0000FF
-63.24 -11.53 -2.15 -61.42 -10.62 -1.62 0.365 0x0000FF
-65.98 -13.53 -2.83 -63.24 -11.53 -2.15 0.365 0x0000FF
-72.55 -20.64 -3.51 -65.98 -13.53 -2.83 0.275 0x0000FF
-78.93 -24.47 -3.44 -72.55 -20.64 -3.51 0.275 0x0000FF
-92.25 -28.84 -3.21 -78.93 -24.47 -3.44 0.275 0x0000FF
-101.92 -30.84 -2.83 -92.25 -28.84 -3.21 0.275 0x0000FF
-113.23 -37.22 -2.38 -101.92 -30.84 -2.83 0.275 0x0000FF
-120.53 -38.68 -2.45 -113.23 -37.22 -2.38 0.275 0x0000FF
-123.82 -38.86 -1.02 -120.53 -38.68 -2.45 0.275 0x0000FF
-47.19 -6.61 2.7 -44.63 -3.15 2.7 0.365 0x0000FF
-50.47 -7.89 2.92 -47.19 -6.61 2.7 0.365 0x0000FF
-54.12 -8.8 3.45 -50.47 -7.89 2.92 0.365 0x0000FF
-59.96 -10.62 3.68 -54.12 -8.8 3.45 0.365 0x0000FF
-62.15 -12.81 3.08 -59.96 -10.62 3.68 0.365 0x0000FF
-65.43 -15.54 2.62 -62.15 -12.81 3.08 0.365 0x0000FF
-65.98 -15.9 4.88 -65.43 -15.54 2.62 0.365 0x0000FF
-66.16 -16.09 6.18 -65.98 -15.9 4.88 0.365 0x0000FF
-66.89 -16.45 5.73 -66.16 -16.09 6.18 0.365 0x0000FF
-70.54 -19.91 4.88 -66.89 -16.45 5.73 0.365 0x0000FF
-75.83 -26.65 4.67 -70.54 -19.91 4.88 0.365 0x0000FF
-76.38 -27.93 3.91 -75.83 -26.65 4.67 0.365 0x0000FF
-84.04 -35.03 3.15 -76.38 -27.93 3.91 0.275 0x0000FF
-94.08 -36.49 2.85 -84.04 -35.03 3.15 0.275 0x0000FF
-106.12 -37.04 2.39 -94.08 -36.49 2.85 0.275 0x0000FF
-114.33 -35.76 1.94 -106.12 -37.04 2.39 0.275 0x0000FF
-123.09 -34.31 1.41 -114.33 -35.76 1.94 0.275 0x0000FF
-28.39 -4.61 0.05 -29.23 5.84 4.66 1.005 0x0000FF
-28.37 -4.88 -0.71 -28.39 -4.61 0.05 0.91 0x0000FF
-28.18 -6.34 -1.24 -28.37 -4.88 -0.71 0.91 0x0000FF
-27.82 -7.8 -3.82 -28.18 -6.34 -1.24 0.91 0x0000FF
-27.45 -9.44 -5.18 -27.82 -7.8 -3.82 0.82 0x0000FF
-27.27 -11.08 -6.09 -27.45 -9.44 -5.18 0.82 0x0000FF
-27.82 -13.08 -7.61 -27.27 -11.08 -6.09 0.82 0x0000FF
-30.01 -18.73 -9.94 -27.82 -13.08 -7.61 0.73 0x0000FF
-32.2 -23.1 -10.48 -30.01 -18.73 -9.94 0.73 0x0000FF
-33.11 -26.38 -11.24 -32.2 -23.1 -10.48 0.73 0x0000FF
-33.29 -30.39 -12.68 -33.11 -26.38 -11.24 0.73 0x0000FF
-31.47 -36.59 -13.82 -33.29 -30.39 -12.68 0.73 0x0000FF
-30.74 -44.24 -14.65 -31.47 -36.59 -13.82 0.73 0x0000FF
-31.83 -75.58 -15.86 -30.74 -44.24 -14.65 0.73 0x0000FF
-35.47 -86.14 -16.54 -31.83 -75.58 -15.86 0.73 0x0000FF
-38.58 -95.07 -17.53 -35.47 -86.14 -16.54 0.73 0x0000FF
-39.31 -99.81 -17.07 -38.58 -95.07 -17.53 0.73 0x0000FF
-39.31 -101.81 -16.09 -39.31 -99.81 -17.07 0.73 0x0000FF
-35.11 -103.82 -15.56 -39.31 -101.81 -16.09 0.275 0x0000FF
-31.47 -104.55 -15.33 -35.11 -103.82 -15.56 0.275 0x0000FF
-29.1 -104.91 -15.03 -31.47 -104.55 -15.33 0.275 0x0000FF
-25.08 -105.09 -14.42 -29.1 -104.91 -15.03 0.275 0x0000FF
-19.23 -105.82 -13.36 -25.08 -105.09 -14.42 0.275 0x0000FF
-15.78 -106.19 -12.38 -19.23 -105.82 -13.36 0.275 0x0000FF
-40.96 -104.55 -15.33 -39.31 -101.81 -16.09 0.365 0x0000FF
-42.6 -110.01 -14.65 -40.96 -104.55 -15.33 0.365 0x0000FF
-44.24 -112.93 -13.82 -42.6 -110.01 -14.65 0.365 0x0000FF
-44.61 -113.29 -15.56 -44.24 -112.93 -13.82 0.365 0x0000FF
-44.61 -113.47 -16.77 -44.61 -113.29 -15.56 0.365 0x0000FF
-44.97 -113.84 -18.29 -44.61 -113.47 -16.77 0.365 0x0000FF
-50.63 -113.29 -19.04 -44.97 -113.84 -18.29 0.275 0x0000FF
-56.65 -109.1 -20.03 -50.63 -113.29 -19.04 0.275 0x0000FF
-65.4 -101.08 -19.88 -56.65 -109.1 -20.03 0.275 0x0000FF
-68.87 -96.71 -18.66 -65.4 -101.08 -19.88 0.275 0x0000FF
-71.43 -93.07 -17.82 -68.87 -96.71 -18.66 0.275 0x0000FF
-43.88 -115.48 -18.82 -44.97 -113.84 -18.29 0.365 0x0000FF
-43.51 -117.3 -19.35 -43.88 -115.48 -18.82 0.365 0x0000FF
-42.23 -121.13 -20.94 -43.51 -117.3 -19.35 0.365 0x0000FF
-41.5 -124.95 -22.15 -42.23 -121.13 -20.94 0.365 0x0000FF
-38.77 -132.6 -24.42 -41.5 -124.95 -22.15 0.365 0x0000FF
-38.04 -138.25 -25.03 -38.77 -132.6 -24.42 0.365 0x0000FF
-38.22 -147.36 -26.09 -38.04 -138.25 -25.03 0.365 0x0000FF
-39.13 -151.91 -27.3 -38.22 -147.36 -26.09 0.365 0x0000FF
-36.39 -165.76 -29.19 -39.13 -151.91 -27.3 0.365 0x0000FF
-35.11 -170.14 -29.65 -36.39 -165.76 -29.19 0.365 0x0000FF
-33.47 -174.15 -30.18 -35.11 -170.14 -29.65 0.365 0x0000FF
-24.72 -188.62 -32.68 -33.47 -174.15 -30.18 0.365 0x0000FF
-20.7 -196.63 -33.44 -24.72 -188.62 -32.68 0.365 0x0000FF
-16.14 -200.64 -35.03 -20.7 -196.63 -33.44 0.365 0x0000FF
-10.3 -205.38 -37.07 -16.14 -200.64 -35.03 0.365 0x0000FF
-8.11 -211.21 -39.72 -10.3 -205.38 -37.07 0.365 0x0000FF
-7.02 -221.41 -41.01 -8.11 -211.21 -39.72 0.365 0x0000FF
-8.84 -227.42 -43.74 -7.02 -221.41 -41.01 0.365 0x0000FF
-10.49 -231.98 -45.48 -8.84 -227.42 -43.74 0.365 0x0000FF
-12.86 -237.44 -46.62 -10.49 -231.98 -45.48 0.365 0x0000FF
-14.14 -240.72 -50.25 -12.86 -237.44 -46.62 0.365 0x0000FF
-33.47 -4.01 -0.79 -29.23 5.84 4.66 1.37 0x0000FF
-34.21 -5.48 -2.83 -33.47 -4.01 -0.79 1.37 0x0000FF
-34.58 -6.58 -4.42 -34.21 -5.48 -2.83 1.37 0x0000FF
-34.76 -7.12 -6.17 -34.58 -6.58 -4.42 1.37 0x0000FF
-35.67 -9.67 -7.45 -34.76 -7.12 -6.17 1.185 0x0000FF
-36.04 -11.68 -9.35 -35.67 -9.67 -7.45 1.185 0x0000FF
-36.59 -13.86 -12.53 -36.04 -11.68 -9.35 1.185 0x0000FF
-38.59 -18.23 -13.14 -36.59 -13.86 -12.53 0.64 0x0000FF
-41.69 -22.97 -13.67 -38.59 -18.23 -13.14 0.64 0x0000FF
-47.72 -31.54 -14.27 -41.69 -22.97 -13.67 0.64 0x0000FF
-50.82 -36.27 -16.92 -47.72 -31.54 -14.27 0.545 0x0000FF
-55.01 -42.83 -18.82 -50.82 -36.27 -16.92 0.545 0x0000FF
-56.29 -44.47 -20.86 -55.01 -42.83 -18.82 0.545 0x0000FF
-58.12 -47.39 -23.29 -56.29 -44.47 -20.86 0.545 0x0000FF
-62.49 -53.4 -25.18 -58.12 -47.39 -23.29 0.545 0x0000FF
-64.5 -56.68 -26.32 -62.49 -53.4 -25.18 0.455 0x0000FF
-67.23 -61.23 -27.53 -64.5 -56.68 -26.32 0.455 0x0000FF
-67.97 -65.23 -28.97 -67.23 -61.23 -27.53 0.455 0x0000FF
-68.52 -74.17 -30.41 -67.97 -65.23 -28.97 0.455 0x0000FF
-68.33 -83.46 -32.38 -68.52 -74.17 -30.41 0.455 0x0000FF
-68.52 -89.84 -33.44 -68.33 -83.46 -32.38 0.455 0x0000FF
-69.06 -94.21 -34.72 -68.52 -89.84 -33.44 0.365 0x0000FF
-70.7 -96.95 -35.71 -69.06 -94.21 -34.72 0.365 0x0000FF
-74.27 -123.65 -37.15 -70.7 -96.95 -35.71 0.365 0x0000FF
-76.83 -133.49 -37.53 -74.27 -123.65 -37.15 0.365 0x0000FF
-77.73 -143.33 -35.47 -76.83 -133.49 -37.53 0.365 0x0000FF
-78.65 -151.16 -36.01 -77.73 -143.33 -35.47 0.275 0x0000FF
-33.59 -16.52 -14.12 -36.59 -13.86 -12.53 0.455 0x0000FF
-33.04 -17.98 -15.1 -33.59 -16.52 -14.12 0.455 0x0000FF
-29.39 -21.07 -17.91 -33.04 -17.98 -15.1 0.455 0x0000FF
-28.84 -21.26 -19.35 -29.39 -21.07 -17.91 0.455 0x0000FF
-27.02 -22.9 -22.15 -28.84 -21.26 -19.35 0.455 0x0000FF
-24.1 -24.35 -24.19 -27.02 -22.9 -22.15 0.455 0x0000FF
-18.62 -25.26 -25.94 -24.1 -24.35 -24.19 0.455 0x0000FF
-14.06 -25.63 -27.91 -18.62 -25.26 -25.94 0.455 0x0000FF
-12.97 -25.81 -29.57 -14.06 -25.63 -27.91 0.455 0x0000FF
-10.78 -26.54 -31.24 -12.97 -25.81 -29.57 0.455 0x0000FF
-9.5 -27.81 -33.36 -10.78 -26.54 -31.24 0.455 0x0000FF
-8.22 -29.09 -34.5 -9.5 -27.81 -33.36 0.455 0x0000FF
-6.76 -30.37 -36.09 -8.22 -29.09 -34.5 0.455 0x0000FF
-4.38 -32.01 -38.13 -6.76 -30.37 -36.09 0.455 0x0000FF
-2.75 -32.72 -39.95 -4.38 -32.01 -38.13 0.455 0x0000FF
0.17 -33.64 -41.24 -2.75 -32.72 -39.95 0.455 0x0000FF
3.64 -34.19 -42.15 0.17 -33.64 -41.24 0.455 0x0000FF
4.73 -34.19 -43.74 3.64 -34.19 -42.15 0.455 0x0000FF
8.19 -34.36 -44.8 4.73 -34.19 -43.74 0.365 0x0000FF
9.66 -34.36 -45.78 8.19 -34.36 -44.8 0.365 0x0000FF
10.75 -34.56 -47.07 9.66 -34.36 -45.78 0.275 0x0000FF
13.49 -35.83 -47.3 10.75 -34.56 -47.07 0.275 0x0000FF
-30.33 3.09 10.42 -29.23 5.84 4.66 1.64 0x0000FF
-30.69 2.72 13.0 -30.33 3.09 10.42 1.64 0x0000FF
-32.88 3.09 15.5 -30.69 2.72 13.0 1.64 0x0000FF
-34.89 3.82 18.38 -32.88 3.09 15.5 1.64 0x0000FF
-36.71 6.19 19.13 -34.89 3.82 18.38 1.46 0x0000FF
-37.26 6.55 20.95 -36.71 6.19 19.13 1.46 0x0000FF
-38.54 7.64 21.56 -37.26 6.55 20.95 1.185 0x0000FF
-41.46 6.55 22.32 -38.54 7.64 21.56 0.82 0x0000FF
-43.46 5.82 23.22 -41.46 6.55 22.32 0.64 0x0000FF
-44.74 5.09 24.13 -43.46 5.82 23.22 0.64 0x0000FF
-47.29 3.63 25.42 -44.74 5.09 24.13 0.455 0x0000FF
-48.57 2.72 26.71 -47.29 3.63 25.42 0.455 0x0000FF
-49.67 1.81 28.0 -48.57 2.72 26.71 0.455 0x0000FF
-53.5 0.36 29.06 -49.67 1.81 28.0 0.365 0x0000FF
-58.06 -1.1 30.12 -53.5 0.36 29.06 0.365 0x0000FF
-60.8 -2.2 30.65 -58.06 -1.1 30.12 0.365 0x0000FF
-64.26 -4.01 31.71 -60.8 -2.2 30.65 0.365 0x0000FF
-68.64 -7.11 32.69 -64.26 -4.01 31.71 0.365 0x0000FF
-72.11 -9.11 33.38 -68.64 -7.11 32.69 0.365 0x0000FF
-75.56 -11.31 33.83 -72.11 -9.11 33.38 0.365 0x0000FF
-85.97 -19.32 35.27 -75.56 -11.31 33.83 0.365 0x0000FF
-92.0 -22.97 36.25 -85.97 -19.32 35.27 0.365 0x0000FF
-96.19 -25.52 36.78 -92.0 -22.97 36.25 0.365 0x0000FF
-99.66 -28.8 37.39 -96.19 -25.52 36.78 0.365 0x0000FF
-106.41 -34.26 38.0 -99.66 -28.8 37.39 0.365 0x0000FF
-112.8 -38.27 38.29 -106.41 -34.26 38.0 0.365 0x0000FF
-119.73 -41.73 38.6 -112.8 -38.27 38.29 0.365 0x0000FF
-125.02 -46.11 39.06 -119.73 -41.73 38.6 0.365 0x0000FF
-129.22 -49.75 39.21 -125.02 -46.11 39.06 0.275 0x0000FF
-39.27 8.55 23.76 -38.54 7.64 21.56 0.73 0x0000FF
-39.27 9.47 24.74 -39.27 8.55 23.76 0.73 0x0000FF
-39.45 10.92 26.41 -39.27 9.47 24.74 0.73 0x0000FF
-39.27 12.38 27.85 -39.45 10.92 26.41 0.73 0x0000FF
-39.08 14.02 29.06 -39.27 12.38 27.85 0.73 0x0000FF
-38.54 15.3 30.35 -39.08 14.02 29.06 0.73 0x0000FF
-38.72 16.94 31.48 -38.54 15.3 30.35 0.73 0x0000FF
-39.45 18.57 32.24 -38.72 16.94 31.48 0.64 0x0000FF
-40.72 20.03 33.38 -39.45 18.57 32.24 0.64 0x0000FF
-42.19 20.58 34.74 -40.72 20.03 33.38 0.64 0x0000FF
-43.83 20.76 35.65 -42.19 20.58 34.74 0.64 0x0000FF
-45.65 21.31 37.61 -43.83 20.76 35.65 0.64 0x0000FF
-51.31 25.5 38.0 -45.65 21.31 37.61 0.545 0x0000FF
-53.68 28.96 38.97 -51.31 25.5 38.0 0.545 0x0000FF
-62.62 33.88 40.27 -53.68 28.96 38.97 0.455 0x0000FF
-66.81 34.79 40.95 -62.62 33.88 40.27 0.455 0x0000FF
-72.11 36.25 42.31 -66.81 34.79 40.95 0.455 0x0000FF
-78.68 39.89 43.22 -72.11 36.25 42.31 0.455 0x0000FF
-83.79 47.91 44.43 -78.68 39.89 43.22 0.455 0x0000FF
-85.24 50.28 46.56 -83.79 47.91 44.43 0.455 0x0000FF
-87.25 53.74 47.09 -85.24 50.28 46.56 0.365 0x0000FF
-88.35 55.2 48.3 -87.25 53.74 47.09 0.365 0x0000FF
-30.2 17.41 9.97 -29.23 5.84 4.66 2.83 0x0000FF
-30.93 18.32 9.36 -30.2 17.41 9.97 2.645 0x0000FF
-31.84 19.6 8.44 -30.93 18.32 9.36 2.645 0x0000FF
-32.02 21.06 7.85 -31.84 19.6 8.44 2.645 0x0000FF
-32.21 23.97 7.39 -32.02 21.06 7.85 2.645 0x0000FF
-31.11 25.97 7.24 -32.21 23.97 7.39 2.645 0x0000FF
-29.84 36.9 6.94 -31.11 25.97 7.24 2.645 0x0000FF
-30.02 38.54 7.7 -29.84 36.9 6.94 2.645 0x0000FF
-27.28 40.72 8.07 -30.02 38.54 7.7 1.46 0x0000FF
-23.63 44.56 8.3 -27.28 40.72 8.07 1.46 0x0000FF
-19.98 46.38 8.68 -23.63 44.56 8.3 1.275 0x0000FF
-17.98 47.84 8.98 -19.98 46.38 8.68 1.275 0x0000FF
-16.8 47.91 7.32 -17.98 47.84 8.98 1.275 0x0000FF
-10.78 48.82 6.79 -16.8 47.91 7.32 0.73 0x0000FF
-7.31 49.55 6.64 -10.78 48.82 6.79 0.73 0x0000FF
4.18 49.19 6.18 -7.31 49.55 6.64 0.545 0x0000FF
16.22 50.1 5.88 4.18 49.19 6.18 0.455 0x0000FF
23.16 51.38 5.35 16.22 50.1 5.88 0.455 0x0000FF
43.41 54.47 4.88 23.16 51.38 5.35 0.455 0x0000FF
64.39 59.94 4.67 43.41 54.47 4.88 0.455 0x0000FF
69.5 61.94 4.13 64.39 59.94 4.67 0.365 0x0000FF
76.06 64.31 3.76 69.5 61.94 4.13 0.365 0x0000FF
92.67 64.86 3.76 76.06 64.31 3.76 0.365 0x0000FF
107.63 65.77 3.83 92.67 64.86 3.76 0.365 0x0000FF
113.29 68.68 3.61 107.63 65.77 3.83 0.365 0x0000FF
142.63 72.34 2.54 113.29 68.68 3.61 0.365 0x0000FF
162.88 73.98 2.47 142.63 72.34 2.54 0.365 0x0000FF
174.38 72.72 3.91 162.88 73.98 2.47 0.365 0x0000FF
182.77 71.08 4.51 174.38 72.72 3.91 0.275 0x0000FF
5.05 56.86 7.01 -7.31 49.55 6.64 0.365 0x0000FF
11.27 63.97 7.39 5.05 56.86 7.01 0.365 0x0000FF
14.92 76.72 7.54 11.27 63.97 7.39 0.365 0x0000FF
22.22 88.02 8.23 14.92 76.72 7.54 0.365 0x0000FF
26.59 93.3 7.47 22.22 88.02 8.23 0.365 0x0000FF
33.15 101.5 6.48 26.59 93.3 7.47 0.365 0x0000FF
45.57 110.61 5.8 33.15 101.5 6.48 0.365 0x0000FF
51.96 117.17 5.2 45.57 110.61 5.8 0.365 0x0000FF
82.24 132.84 3.76 51.96 117.17 5.2 0.365 0x0000FF
89.72 139.22 3.08 82.24 132.84 3.76 0.365 0x0000FF
94.83 145.96 2.62 89.72 139.22 3.08 0.365 0x0000FF
100.31 155.62 1.71 94.83 145.96 2.62 0.365 0x0000FF
100.85 159.62 1.26 100.31 155.62 1.71 0.365 0x0000FF
101.04 160.72 0.42 100.85 159.62 1.26 0.365 0x0000FF
97.51 169.05 -0.33 101.04 160.72 0.42 0.365 0x0000FF
92.4 178.53 -0.71 97.51 169.05 -0.33 0.275 0x0000FF
90.58 184.36 -1.7 92.4 178.53 -0.71 0.275 0x0000FF
88.75 189.28 -2.38 90.58 184.36 -1.7 0.275 0x0000FF
-16.28 49.02 8.52 -16.8 47.91 7.32 0.64 0x0000FF
-15.73 51.03 10.95 -16.28 49.02 8.52 0.545 0x0000FF
-15.55 52.3 10.19 -15.73 51.03 10.95 0.545 0x0000FF
-15.36 55.22 10.19 -15.55 52.3 10.19 0.545 0x0000FF
-14.63 57.59 11.94 -15.36 55.22 10.19 0.545 0x0000FF
-14.45 63.05 13.07 -14.63 57.59 11.94 0.545 0x0000FF
-13.72 71.06 14.44 -14.45 63.05 13.07 0.545 0x0000FF
-14.45 79.27 15.8 -13.72 71.06 14.44 0.455 0x0000FF
-14.45 81.64 16.63 -14.45 79.27 15.8 0.455 0x0000FF
-14.45 82.91 17.85 -14.45 81.64 16.63 0.455 0x0000FF
-15.0 85.1 20.27 -14.45 82.91 17.85 0.455 0x0000FF
-15.18 87.83 21.48 -15.0 85.1 20.27 0.365 0x0000FF
-15.18 90.2 21.71 -15.18 87.83 21.48 0.365 0x0000FF
-14.63 92.39 22.92 -15.18 90.2 21.71 0.365 0x0000FF
-13.54 94.39 23.83 -14.63 92.39 22.92 0.365 0x0000FF
-12.08 97.49 25.12 -13.54 94.39 23.83 0.365 0x0000FF
-31.42 44.65 7.54 -30.02 38.54 7.7 1.46 0x0000FF
-33.43 51.58 8.23 -31.42 44.65 7.54 1.46 0x0000FF
-35.07 59.59 8.61 -33.43 51.58 8.23 1.46 0x0000FF
-38.72 73.62 9.51 -35.07 59.59 8.61 1.46 0x0000FF
-40.18 77.08 10.57 -38.72 73.62 9.51 1.46 0x0000FF
-40.36 77.81 11.1 -40.18 77.08 10.57 1.46 0x0000FF
-42.37 80.18 12.39 -40.36 77.81 11.1 0.91 0x0000FF
-43.64 81.64 13.45 -42.37 80.18 12.39 0.64 0x0000FF
-44.19 82.73 14.89 -43.64 81.64 13.45 0.64 0x0000FF
-45.29 84.74 15.8 -44.19 82.73 14.89 0.455 0x0000FF
-47.84 88.02 16.86 -45.29 84.74 15.8 0.275 0x0000FF
-41.09 87.65 11.03 -40.36 77.81 11.1 1.275 0x0000FF
-42.91 112.79 11.33 -41.09 87.65 11.03 1.275 0x0000FF
-44.01 125.37 12.17 -42.91 112.79 11.33 1.275 0x0000FF
-44.92 134.29 12.85 -44.01 125.37 12.17 1.275 0x0000FF
-45.47 141.4 13.3 -44.92 134.29 12.85 1.185 0x0000FF
-46.57 149.32 13.15 -45.47 141.4 13.3 1.185 0x0000FF
-47.3 150.41 12.62 -46.57 149.32 13.15 1.185 0x0000FF
-51.68 156.06 12.77 -47.3 150.41 12.62 1.095 0x0000FF
-52.96 158.06 13.76 -51.68 156.06 12.77 1.095 0x0000FF
-54.05 163.16 14.36 -52.96 158.06 13.76 1.095 0x0000FF
-55.15 169.18 14.97 -54.05 163.16 14.36 1.095 0x0000FF
-54.96 176.83 16.03 -55.15 169.18 14.97 1.095 0x0000FF
-54.96 185.76 17.16 -54.96 176.83 16.03 1.095 0x0000FF
-54.96 191.95 18.3 -54.96 185.76 17.16 1.095 0x0000FF
-55.33 198.33 19.59 -54.96 191.95 18.3 1.095 0x0000FF
-56.79 206.89 20.35 -55.33 198.33 19.59 0.91 0x0000FF
-58.25 213.82 21.63 -56.79 206.89 20.35 0.91 0x0000FF
-59.16 220.74 22.32 -58.25 213.82 21.63 0.91 0x0000FF
-59.52 226.02 23.53 -59.16 220.74 22.32 0.91 0x0000FF
-59.52 231.67 24.89 -59.52 226.02 23.53 0.91 0x0000FF
-59.64 233.96 26.03 -59.52 231.67 24.89 0.91 0x0000FF
-58.55 237.24 27.47 -59.64 233.96 26.03 0.91 0x0000FF
-57.45 242.52 28.91 -58.55 237.24 27.47 0.91 0x0000FF
-58.18 250.54 29.97 -57.45 242.52 28.91 0.91 0x0000FF
-59.46 260.56 31.94 -58.18 250.54 29.97 0.91 0x0000FF
-60.01 269.85 33.45 -59.46 260.56 31.94 0.91 0x0000FF
-61.1 276.95 34.81 -60.01 269.85 33.45 0.91 0x0000FF
-63.29 278.05 34.97 -61.1 276.95 34.81 0.545 0x0000FF
-65.11 278.05 36.4 -63.29 278.05 34.97 0.545 0x0000FF
-66.56 278.77 36.03 -65.11 278.05 36.4 0.545 0x0000FF
-69.13 279.51 33.83 -66.56 278.77 36.03 0.545 0x0000FF
-70.41 280.6 31.03 -69.13 279.51 33.83 0.545 0x0000FF
-70.41 280.6 29.59 -70.41 280.6 31.03 0.545 0x0000FF
-70.41 280.6 27.24 -70.41 280.6 29.59 0.545 0x0000FF
-71.86 280.77 25.88 -70.41 280.6 27.24 0.545 0x0000FF
-74.42 281.14 23.98 -71.86 280.77 25.88 0.545 0x0000FF
-76.06 281.33 22.39 -74.42 281.14 23.98 0.455 0x0000FF
-78.8 282.06 21.03 -76.06 281.33 22.39 0.455 0x0000FF
-84.45 284.06 19.59 -78.8 282.06 21.03 0.365 0x0000FF
-61.47 280.97 33.9 -61.1 276.95 34.81 0.91 0x0000FF
-62.92 287.33 33.75 -61.47 280.97 33.9 0.91 0x0000FF
-63.65 290.44 35.72 -62.92 287.33 33.75 0.91 0x0000FF
-65.66 294.63 37.47 -63.65 290.44 35.72 0.91 0x0000FF
-68.76 305.93 38.83 -65.66 294.63 37.47 0.91 0x0000FF
-69.48 307.93 40.42 -68.76 305.93 38.83 0.91 0x0000FF
-70.22 309.39 40.95 -69.48 307.93 40.42 0.91 0x0000FF
-68.4 314.13 41.25 -70.22 309.39 40.95 0.73 0x0000FF
-66.2 318.5 42.01 -68.4 314.13 41.25 0.545 0x0000FF
-63.29 322.14 42.24 -66.2 318.5 42.01 0.545 0x0000FF
-62.56 323.05 42.62 -63.29 322.14 42.24 0.545 0x0000FF
-61.65 344.85 43.6 -62.56 323.05 42.62 0.545 0x0000FF
-61.1 354.51 43.07 -61.65 344.85 43.6 0.545 0x0000FF
-62.56 366.17 42.84 -61.1 354.51 43.07 0.545 0x0000FF
-61.46 381.48 41.71 -62.56 366.17 42.84 0.545 0x0000FF
-59.27 391.68 40.95 -61.46 381.48 41.71 0.545 0x0000FF
-60.92 403.34 40.19 -59.27 391.68 40.95 0.545 0x0000FF
-63.29 411.36 39.28 -60.92 403.34 40.19 0.545 0x0000FF
-64.75 414.82 38.75 -63.29 411.36 39.28 0.545 0x0000FF
-64.66 418.94 37.61 -64.75 414.82 38.75 0.545 0x0000FF
-64.48 420.95 37.01 -64.66 418.94 37.61 0.545 0x0000FF
-64.11 422.77 36.47 -64.48 420.95 37.01 0.455 0x0000FF
-63.56 423.68 37.54 -64.11 422.77 36.47 0.455 0x0000FF
-63.38 426.41 38.53 -63.56 423.68 37.54 0.455 0x0000FF
-63.38 430.79 39.81 -63.38 426.41 38.53 0.455 0x0000FF
-62.47 432.79 41.25 -63.38 430.79 39.81 0.455 0x0000FF
-61.56 433.7 43.0 -62.47 432.79 41.25 0.455 0x0000FF
-54.81 443.36 44.89 -61.56 433.7 43.0 0.365 0x0000FF
-45.87 450.28 45.65 -54.81 443.36 44.89 0.365 0x0000FF
-39.65 456.3 46.71 -45.87 450.28 45.65 0.365 0x0000FF
-36.2 463.4 47.46 -39.65 456.3 46.71 0.365 0x0000FF
-31.09 470.69 49.28 -36.2 463.4 47.46 0.365 0x0000FF
-22.15 483.99 50.8 -31.09 470.69 49.28 0.365 0x0000FF
-17.59 493.1 51.86 -22.15 483.99 50.8 0.365 0x0000FF
-13.21 497.65 53.45 -17.59 493.1 51.86 0.365 0x0000FF
-10.1 500.75 54.51 -13.21 497.65 53.45 0.365 0x0000FF
-7.92 503.48 56.02 -10.1 500.75 54.51 0.365 0x0000FF
-6.46 505.67 56.25 -7.92 503.48 56.02 0.365 0x0000FF
-3.49 513.34 57.92 -6.46 505.67 56.25 0.365 0x0000FF
0.34 516.07 58.98 -3.49 513.34 57.92 0.365 0x0000FF
1.25 517.71 59.43 0.34 516.07 58.98 0.365 0x0000FF
-62.79 437.0 44.36 -61.56 433.7 43.0 0.455 0x0000FF
-64.61 441.19 45.27 -62.79 437.0 44.36 0.455 0x0000FF
-67.53 445.56 46.71 -64.61 441.19 45.27 0.365 0x0000FF
-70.09 452.3 47.62 -67.53 445.56 46.71 0.365 0x0000FF
-70.63 457.77 48.75 -70.09 452.3 47.62 0.365 0x0000FF
-71.18 465.24 49.59 -70.63 457.77 48.75 0.365 0x0000FF
-71.36 472.16 50.42 -71.18 465.24 49.59 0.365 0x0000FF
-70.09 476.54 51.48 -71.36 472.16 50.42 0.365 0x0000FF
-69.17 478.54 52.54 -70.09 476.54 51.48 0.365 0x0000FF
-64.98 422.06 39.06 -64.48 420.95 37.01 0.455 0x0000FF
-66.26 423.52 38.15 -64.98 422.06 39.06 0.455 0x0000FF
-68.63 424.79 36.94 -66.26 423.52 38.15 0.455 0x0000FF
-69.36 425.89 35.72 -68.63 424.79 36.94 0.455 0x0000FF
-71.36 428.44 34.36 -69.36 425.89 35.72 0.455 0x0000FF
-72.09 430.26 33.38 -71.36 428.44 34.36 0.455 0x0000FF
-72.64 432.63 32.24 -72.09 430.26 33.38 0.455 0x0000FF
-73.73 438.46 31.1 -72.64 432.63 32.24 0.365 0x0000FF
-75.73 442.28 29.89 -73.73 438.46 31.1 0.365 0x0000FF
-78.48 444.83 28.75 -75.73 442.28 29.89 0.365 0x0000FF
-83.41 447.2 28.3 -78.48 444.83 28.75 0.365 0x0000FF
-90.34 449.57 26.86 -83.41 447.2 28.3 0.365 0x0000FF
-93.81 452.12 25.35 -90.34 449.57 26.86 0.365 0x0000FF
-98.73 455.95 23.38 -93.81 452.12 25.35 0.365 0x0000FF
-102.38 459.96 22.16 -98.73 455.95 23.38 0.365 0x0000FF
-107.85 465.97 20.8 -102.38 459.96 22.16 0.365 0x0000FF
-109.68 466.88 19.51 -107.85 465.97 20.8 0.365 0x0000FF
-111.5 468.16 17.47 -109.68 466.88 19.51 0.365 0x0000FF
-113.15 468.7 14.67 -111.5 468.16 17.47 0.365 0x0000FF
-114.06 470.34 12.54 -113.15 468.7 14.67 0.365 0x0000FF
-115.15 472.35 9.21 -114.06 470.34 12.54 0.365 0x0000FF
-117.52 475.08 8.07 -115.15 472.35 9.21 0.275 0x0000FF
-119.17 476.17 7.24 -117.52 475.08 8.07 0.275 0x0000FF
-119.71 477.63 6.71 -119.17 476.17 7.24 0.275 0x0000FF
-119.71 479.09 5.42 -119.71 477.63 6.71 0.275 0x0000FF
-119.35 480.55 3.83 -119.71 479.09 5.42 0.275 0x0000FF
-119.17 482.37 2.39 -119.35 480.55 3.83 0.275 0x0000FF
-118.62 485.28 1.03 -119.17 482.37 2.39 0.275 0x0000FF
-118.62 485.83 0.88 -118.62 485.28 1.03 0.275 0x0000FF
-118.98 487.65 -0.94 -118.62 485.83 0.88 0.275 0x0000FF
-119.35 488.2 -2.29 -118.98 487.65 -0.94 0.275 0x0000FF
-119.71 491.11 -4.88 -119.35 488.2 -2.29 0.18 0x0000FF
-119.53 491.84 -5.41 -119.71 491.11 -4.88 0.18 0x0000FF
-118.98 494.21 -6.77 -119.53 491.84 -5.41 0.18 0x0000FF
-118.44 497.13 -8.06 -118.98 494.21 -6.77 0.18 0x0000FF
-118.62 499.49 -9.11 -118.44 497.13 -8.06 0.18 0x0000FF
-120.44 502.41 -10.18 -118.62 499.49 -9.11 0.18 0x0000FF
-123.0 508.79 -11.62 -120.44 502.41 -10.18 0.18 0x0000FF
-124.09 512.07 -13.14 -123.0 508.79 -11.62 0.18 0x0000FF
-127.01 516.79 -16.01 -124.09 512.07 -13.14 0.18 0x0000FF
-127.19 524.27 -18.66 -127.01 516.79 -16.01 0.18 0x0000FF
-126.65 527.54 -20.71 -127.19 524.27 -18.66 0.18 0x0000FF
-71.22 310.26 40.11 -70.22 309.39 40.95 0.455 0x0000FF
-71.95 310.99 40.86 -71.22 310.26 40.11 0.455 0x0000FF
-73.04 311.89 42.47 -71.95 310.99 40.86 0.455 0x0000FF
-73.22 312.45 43.15 -73.04 311.89 42.47 0.455 0x0000FF
-78.33 315.73 45.57 -73.22 312.45 43.15 0.455 0x0000FF
-80.7 316.45 47.24 -78.33 315.73 45.57 0.455 0x0000FF
-83.08 319.73 48.45 -80.7 316.45 47.24 0.455 0x0000FF
-86.36 323.93 49.36 -83.08 319.73 48.45 0.365 0x0000FF
-87.09 325.2 50.8 -86.36 323.93 49.36 0.365 0x0000FF
-88.19 327.93 51.56 -87.09 325.2 50.8 0.365 0x0000FF
-88.73 330.67 52.62 -88.19 327.93 51.56 0.365 0x0000FF
-88.73 334.13 54.66 -88.73 330.67 52.62 0.365 0x0000FF
-88.0 337.41 55.87 -88.73 334.13 54.66 0.365 0x0000FF
-88.19 339.96 56.55 -88.0 337.41 55.87 0.365 0x0000FF
-89.46 341.05 58.07 -88.19 339.96 56.55 0.365 0x0000FF
-90.19 341.78 58.98 -89.46 341.05 58.07 0.365 0x0000FF
-91.11 343.24 60.34 -90.19 341.78 58.98 0.365 0x0000FF
-92.02 345.24 61.78 -91.11 343.24 60.34 0.365 0x0000FF
-93.11 347.79 62.54 -92.02 345.24 61.78 0.365 0x0000FF
-99.68 353.26 63.6 -93.11 347.79 62.54 0.275 0x0000FF
-102.6 354.9 64.89 -99.68 353.26 63.6 0.275 0x0000FF
-46.85 150.91 16.32 -47.3 150.41 12.62 0.91 0x0000FF
-46.66 151.27 14.97 -46.85 150.91 16.32 0.91 0x0000FF
-46.48 151.63 13.91 -46.66 151.27 14.97 0.91 0x0000FF
-46.3 152.36 13.23 -46.48 151.63 13.91 0.91 0x0000FF
-45.57 153.63 11.71 -46.3 152.36 13.23 0.91 0x0000FF
-44.66 157.83 10.11 -45.57 153.63 11.71 0.91 0x0000FF
-44.11 162.38 8.98 -44.66 157.83 10.11 0.91 0x0000FF
-43.01 171.86 7.77 -44.11 162.38 8.98 0.91 0x0000FF
-43.2 176.78 5.95 -43.01 171.86 7.77 0.91 0x0000FF
-43.2 180.97 5.5 -43.2 176.78 5.95 0.91 0x0000FF
-43.93 192.27 4.13 -43.2 180.97 5.5 0.91 0x0000FF
-44.84 200.28 2.92 -43.93 192.27 4.13 0.91 0x0000FF
-44.29 208.3 1.94 -44.84 200.28 2.92 0.82 0x0000FF
-41.92 217.23 0.65 -44.29 208.3 1.94 0.82 0x0000FF
-41.74 225.97 -0.33 -41.92 217.23 0.65 0.82 0x0000FF
-41.19 234.17 -1.7 -41.74 225.97 -0.33 0.82 0x0000FF
-41.01 238.73 -2.91 -41.19 234.17 -1.7 0.82 0x0000FF
-41.37 241.1 -4.5 -41.01 238.73 -2.91 0.82 0x0000FF
-41.92 243.1 -5.56 -41.37 241.1 -4.5 0.82 0x0000FF
-43.97 249.13 -6.39 -41.92 243.1 -5.56 0.82 0x0000FF
-44.69 261.7 -7.0 -43.97 249.13 -6.39 0.82 0x0000FF
-43.05 270.27 -8.51 -44.69 261.7 -7.0 0.82 0x0000FF
-39.95 283.93 -9.65 -43.05 270.27 -8.51 0.82 0x0000FF
-40.13 297.41 -8.82 -39.95 283.93 -9.65 0.82 0x0000FF
-41.41 310.35 -7.76 -40.13 297.41 -8.82 0.73 0x0000FF
-43.42 323.1 -5.94 -41.41 310.35 -7.76 0.73 0x0000FF
-44.51 330.57 -5.11 -43.42 323.1 -5.94 0.73 0x0000FF
-45.42 333.12 -4.2 -44.51 330.57 -5.11 0.73 0x0000FF
-45.42 334.04 -3.74 -45.42 333.12 -4.2 0.73 0x0000FF
-43.86 361.57 -2.68 -45.42 334.04 -3.74 0.73 0x0000FF
-43.68 366.85 -1.62 -43.86 361.57 -2.68 0.73 0x0000FF
-43.5 372.32 -2.08 -43.68 366.85 -1.62 0.73 0x0000FF
-42.77 376.87 -4.2 -43.5 372.32 -2.08 0.73 0x0000FF
-42.4 379.97 -6.17 -42.77 376.87 -4.2 0.73 0x0000FF
-42.59 384.52 -6.92 -42.4 379.97 -6.17 0.73 0x0000FF
-43.68 389.26 -8.28 -42.59 384.52 -6.92 0.73 0x0000FF
-42.59 398.73 -9.88 -43.68 389.26 -8.28 0.73 0x0000FF
-41.13 404.38 -10.94 -42.59 398.73 -9.88 0.73 0x0000FF
-40.58 411.67 -12.23 -41.13 404.38 -10.94 0.73 0x0000FF
-40.94 415.13 -13.74 -40.58 411.67 -12.23 0.73 0x0000FF
-40.94 417.14 -14.27 -40.94 415.13 -13.74 0.73 0x0000FF
-37.65 424.06 -15.26 -40.94 417.14 -14.27 0.545 0x0000FF
-37.39 426.91 -13.89 -37.65 424.06 -15.26 0.545 0x0000FF
-37.03 428.92 -12.83 -37.39 426.91 -13.89 0.545 0x0000FF
-36.11 432.38 -11.39 -37.03 428.92 -12.83 0.545 0x0000FF
-36.11 435.29 -12.3 -36.11 432.38 -11.39 0.455 0x0000FF
-37.03 438.39 -13.74 -36.11 435.29 -12.3 0.455 0x0000FF
-37.94 442.22 -14.8 -37.03 438.39 -13.74 0.455 0x0000FF
-38.85 446.22 -15.26 -37.94 442.22 -14.8 0.275 0x0000FF
-42.14 418.35 -13.51 -40.94 417.14 -14.27 0.365 0x0000FF
-43.05 419.81 -12.3 -42.14 418.35 -13.51 0.365 0x0000FF
-43.78 420.9 -13.06 -43.05 419.81 -12.3 0.365 0x0000FF
-44.51 422.72 -14.57 -43.78 420.9 -13.06 0.365 0x0000FF
-44.87 423.63 -16.62 -44.51 422.72 -14.57 0.365 0x0000FF
-45.97 426.73 -17.82 -44.87 423.63 -16.62 0.365 0x0000FF
-47.06 428.19 -19.2 -45.97 426.73 -17.82 0.365 0x0000FF
-49.07 431.28 -19.95 -47.06 428.19 -19.2 0.365 0x0000FF
-55.09 436.02 -21.39 -49.07 431.28 -19.95 0.365 0x0000FF
-59.65 438.39 -22.98 -55.09 436.02 -21.39 0.365 0x0000FF
-62.75 440.03 -24.5 -59.65 438.39 -22.98 0.365 0x0000FF
-67.31 441.85 -26.47 -62.75 440.03 -24.5 0.365 0x0000FF
-71.33 443.49 -27.38 -67.31 441.85 -26.47 0.365 0x0000FF
-86.47 450.96 -28.36 -71.33 443.49 -27.38 0.365 0x0000FF
-92.13 453.88 -30.33 -86.47 450.96 -28.36 0.365 0x0000FF
-95.05 456.79 -32.29 -92.13 453.88 -30.33 0.365 0x0000FF
-100.89 462.44 -33.74 -95.05 456.79 -32.29 0.365 0x0000FF
