3 17.2637329629
10 40.2854179859
23 30.6700992749
32 149.751181109
66 131.00615528
96 87.2861818488
118 52.0943607258
136 61.9784239754
157 45.5793922729
173 27.7967148707
180 141.495069193
217 116.345602857
256 13.5858936907
261 113.78312076
293 131.847950635
328 34.0043466655
340 11.650469043
346 95.5292027866
387 128.101135585
427 43.7828130373
437 148.224136424
483 90.1195564962
506 77.6483133916
524 123.160868319
564 96.4734347052
595 140.349854022
647 16.7014351379
655 32.0274167915
671 129.362529938
725 110.05391154
766 24.1102110116
776 216.937885097
857 122.868002842
902 15.8199858023
908 12.2019254185
913 17.0448153362
919 183.707937675
982 41.0836954387
999 96.4826142682
1044 81.7397252291
1077 11.2544187121
1083 28.1039799938
1094 8.7910697165
1098 46.5842384712
1121 47.943883098
1141 56.9649537396
1165 93.1040148929
1197 99.1126917311
1232 16.4213968418
1236 14.6566418694
1243 66.216975378
1261 52.1653685901
1283 70.3359141617
1310 25.0105868234
1321 60.6739180867
1339 16.5769451277
1345 231.935783688
1419 95.4744236054
1460 134.763918309
1519 125.801081864
1563 153.142464207
1626 43.2932750529
1640 9.28016518276
1645 151.072004872
1696 129.549212743
1746 48.7709266642
1761 81.1896696206
1789 105.537384653
1827 115.700554461
1867 184.40106663
1937 18.7453046018
1944 25.1857598601
1955 10.4332913089
1960 6.60089489213
1965 121.105924898
2007 116.537194206
2050 42.5038700863
2065 190.304891673
2128 5.81575680567
2130 31.6166446356
2146 159.205963008
2209 137.559162789
2266 20.8294329751
2275 8.89005095205
2280 116.767929092
2320 130.932922492
2373 128.953487384
2430 6.05687326738
2432 12.813576039
2437 11.5180490582
2442 29.3048881446
2455 120.775028418
2504 130.010285542
2555 143.019878566
2604 37.4759832963
2617 121.24880101
2669 146.932452841
2718 11.5066662692
2722 14.2589679898
2728 157.896582471
2785 132.287759519
2828 14.2194485195
2835 154.154193502
2889 148.421199698
