4 32.4414918955
23 28.138721466
35 44.2161090351
49 25.2500768534
58 3.60552354035
59 55.1328002792
76 52.4890474334
100 12.6167348064
112 29.8493521363
132 16.9072665533
137 26.8307734511
165 34.7213574913
180 30.0332334986
222 21.6691965102
249 82.2586359725
303 26.7226979894
315 30.8631439811
325 40.0309773864
342 23.3632924098
353 55.4932467232
400 24.3930281162
407 0.34885527085
408 0.350570962859
409 28.0832828288
418 61.8075894084
446 8.66533043459
448 36.7766130657
471 76.3395335096
528 84.1505062334
602 54.4673390384
656 54.1434059394
741 5.26662130782
742 20.5640336085
782 23.0386441562
821 58.1344407105
902 78.1585830965
918 17.3655184168
924 99.8118794041
982 40.951094073
999 24.8869703482
1010 19.9605834945
1032 64.7460627141
1103 75.6519694675
1195 3.52652528191
1198 28.9254969934
1212 27.9903296155
1241 23.7873350562
1248 5.27485636422
1256 90.1515795564
1302 52.6040064491
1316 29.1485094219
1324 50.416697165
1369 83.8533336514
1474 34.9953210775
1488 34.2981248471
1534 4.85729348506
1535 55.3718244187
1555 27.8239952431
1592 44.9072508668
1624 48.4050464087
1653 98.713633533
1704 62.5373291123
1726 31.0880435807
1743 64.5408788762
1764 64.7784242153
1789 31.6142718459
1797 118.782608688
1857 37.7213339716
1868 103.658954366
1902 2.8284549493
1906 56.325368248
1930 101.341016773
1954 64.2246196809
1976 24.5827566833
1983 10.0253182487
1990 7.22073626164
1992 61.6355726668
2009 88.5536819901
2032 10.1128928211
2038 121.634140255
